# Peak list
# Field = rectangle, Omega = (304.8, 304.8) [arcmin], theta_pix = 0.2 [arcmin]
# n_gal = 25 [arcmin^-2], z_s = 1
# Filter = gauss, theta_G = 1 [arcmin], s = 5 [pix]
# sigma_eps = 0.4, sigma_pix = 0.282843, sigma_noise = 0.0225676
# Buffer size = 12 [pix]
#
# Number of pixels = 7955
#
#      SNR
#      [-]
   1.85080
  -0.05147
   0.60240
   1.33889
   1.49315
   0.19787
   1.03642
   0.97521
   0.27716
   1.31525
   1.37711
   1.71654
   0.62336
   1.18572
   1.05734
  -0.35509
   0.49172
   3.42901
   0.44190
   1.58380
   0.32543
   1.06291
   2.06406
   0.04727
   2.73722
   1.80833
   1.45197
   0.95339
   1.04104
   0.84232
   0.38654
   2.72534
  -0.60070
   1.35375
   2.52764
   1.49407
   3.84417
   0.50456
   1.37721
   1.29194
   0.87175
   2.29709
   1.43456
  -0.85280
   2.58009
   0.61845
   0.86685
   3.03067
   1.34897
  -0.44218
   0.62368
   2.23110
   1.00936
   0.44433
   1.74684
   1.26104
   3.60575
   1.77211
   1.40794
   1.56492
   1.60061
   0.09247
   1.08718
   0.34082
   1.28720
   1.53491
   1.05754
   0.46277
   0.62111
   2.94959
  -1.02098
   0.29573
   3.79100
   2.74144
  -0.10577
   0.23187
   3.39206
   1.89337
   0.94433
   0.87515
   0.85499
   0.24863
  -0.15299
   4.02587
   1.16069
   1.99861
   4.61166
   1.17080
   2.03533
  -0.43505
   0.65712
   2.16527
   1.32914
   1.75012
   1.21834
   1.15392
   0.44138
   1.74265
   1.14752
   2.24019
   0.17133
   0.89122
   0.42720
  -1.23533
   1.16472
   0.32422
   1.43215
   3.43037
   1.72368
   0.69472
   0.38650
  -0.91977
   1.62042
  -0.98409
   0.63929
   1.54100
   0.50093
   2.62918
   0.77703
   0.69141
   2.26165
   0.34896
   2.22755
   1.48917
   0.31123
   2.79554
  -0.50281
   0.29229
   0.18597
   2.57375
   1.93949
   0.75501
   2.09379
   1.51321
   1.85776
   0.86195
   1.20723
   0.89170
   0.58270
  -0.44296
   1.23329
   0.29654
   1.11419
   2.26913
   1.42150
   2.44867
   0.46018
   0.38672
   2.00035
   0.91184
   0.16190
   0.87226
  -0.24945
   1.88102
   1.57029
   2.06992
   2.06558
   0.37503
   1.55759
  -0.29367
   1.13782
   1.69356
   2.73809
  -0.31179
   1.27177
   1.61798
  -0.37905
   1.85125
   1.31987
   2.25008
   1.34817
  -0.22029
   1.26690
   1.19072
   1.52682
   0.16749
   2.42364
  -0.03483
   1.26935
   3.27826
  -0.77597
   1.76972
   0.93490
   1.35036
   3.59028
   2.45907
   1.54354
   2.29142
   1.36953
   0.98634
   0.64628
   0.17668
  -0.07273
   0.93531
   1.04787
   1.31962
   0.41706
   2.26086
   0.90453
   2.12771
   1.11437
   0.80374
   0.13063
  -0.51698
   1.48785
   3.73783
  -0.29992
   2.35487
   2.18413
   2.01726
   2.22262
   1.44527
   0.80520
   0.19107
  -0.10618
   1.79803
   3.15786
   2.36770
   2.03728
   3.05864
   2.63666
   0.97776
   3.00365
   0.57728
   0.17397
   0.77027
   2.38276
   0.80809
   2.41948
   0.23310
   0.16333
   0.22481
   2.12857
   3.36378
   0.82296
   0.20668
   1.96568
   2.35063
   2.15501
   0.98788
   0.24906
   0.89994
   0.24165
   2.43344
   1.34258
   8.49813
   0.60842
  -0.68853
  -0.49930
   1.84248
   1.87630
   0.96588
   0.61924
   2.00273
   3.31913
   0.26648
   0.69209
   1.97793
   2.56393
   1.79190
   3.98769
   0.54088
   2.25951
   1.25865
  -0.78013
  -0.14897
   1.06866
   0.97233
   2.52271
   2.29941
   2.07187
   0.73473
   1.54470
  -0.17376
   2.21987
   1.13862
   1.10283
   0.71401
   1.12098
   1.00591
   0.20424
   2.04740
   1.23032
   1.88529
   1.82066
   2.43316
   0.30465
   0.18007
   1.33871
  -0.16307
   1.23746
  -0.14058
   2.05458
   0.90959
   0.95007
   2.14968
   1.40373
  -0.39907
   2.01612
   0.81576
   2.83153
  -1.12143
   1.45024
   2.30829
   0.96790
   2.28039
   2.45335
   0.56286
   0.70951
   2.60915
  -1.02352
   1.29258
   1.94278
   0.70305
   0.13967
   2.81691
  -0.29056
   1.37746
   1.45925
   1.54878
   0.56516
   1.40396
   0.97239
   0.49386
   0.95955
  -0.52454
  -0.82572
   2.07774
   1.25938
   3.11302
   2.26590
   1.49644
   3.31890
   2.55700
   1.05150
   1.20807
   0.21863
   1.32911
   1.62519
   1.30741
   3.14338
   2.23279
   0.51199
   1.59911
   2.53158
   3.61097
   1.46720
   1.81794
   3.32392
   2.12121
   2.26779
   0.46309
   1.52587
   2.29135
   2.06360
   1.03894
   0.57645
   2.57363
   3.09880
   1.53003
   1.53879
   0.11336
   0.80721
   1.02743
  -0.23286
   2.41477
   1.22399
   0.66614
   0.14919
  -0.09308
  -0.63371
  -1.06620
   1.22026
   0.96482
  -0.32430
   2.14770
   2.36557
   2.06471
   2.62958
   2.58633
   0.90729
   1.48372
   3.96173
   0.93426
   2.09751
   0.85564
   3.19381
   3.32940
   0.10064
   1.90343
   2.23835
   0.76634
  -0.11594
   0.52608
   3.20965
   1.59377
   1.89772
   2.52243
  -0.38189
   1.61458
   1.30521
   2.17600
   1.39229
   2.55916
   1.75627
  -0.09877
  -0.26604
   1.92156
   6.49925
  -0.78261
   1.56654
   2.23572
   1.94285
   0.39697
  -0.32679
   1.71032
   1.84370
   2.60042
  -0.37412
   0.73385
   2.45444
   0.48842
   2.56741
  -0.13986
   2.30970
   1.07977
   2.92161
   0.40928
   1.67358
   1.48103
   1.73388
   2.09977
  -0.15155
   0.04480
   0.07541
   2.62231
   2.27517
   1.16237
   0.66903
   2.17819
   1.06916
   2.05459
  -0.23190
   2.60907
   2.21665
   1.62379
   0.11003
   0.95497
   2.01055
   1.81501
   1.60935
   0.36956
   0.48763
   0.30576
   2.04149
   1.40469
   1.63574
   0.67505
   2.39101
   1.66284
   1.58544
   2.34477
   2.48679
   5.62292
   0.36991
   2.28791
   1.49485
   0.69737
   0.73594
   0.97612
   2.05322
   1.33429
   1.98382
   1.27380
   1.22861
   0.67256
   1.23977
   2.84190
  -0.00038
   1.77967
   1.01481
   0.97586
   1.11737
   0.72158
   0.18220
   3.19764
   2.23778
   1.55236
   1.01993
   0.34808
  -0.61826
   0.19735
   0.99819
   1.12559
   0.65453
   1.26957
   0.63410
   6.79408
   2.74569
   2.10040
   2.63094
   0.16782
  -0.22517
   1.70370
   1.44342
   2.10652
   1.46929
   1.04491
   1.93820
   0.95213
   2.41049
   1.30065
   1.66945
   0.49123
   0.25331
   1.45720
   1.70576
   0.87579
   1.69312
   0.90133
   0.45680
   0.97089
   3.00668
   2.34135
   1.45791
   2.82502
   1.78810
   1.28853
   2.34003
   0.44105
   1.49701
   0.72109
   1.59007
   1.91230
   0.12385
   1.43977
   0.86491
   3.41810
   2.27378
   1.05852
   2.26725
   1.15655
   4.06407
   1.38305
   1.42910
   1.90740
   1.10133
   0.11578
   0.83192
   0.39711
   2.95141
   1.39703
   3.12535
   2.89078
   0.76174
   0.38493
   2.56717
   2.36812
   2.28364
   0.54478
   3.20592
   1.75139
   0.98007
   0.95404
   2.86277
   2.26134
   3.56927
   2.07151
   2.73692
   0.32075
   2.71642
   0.12689
   0.46760
   2.90122
   2.16070
   1.65327
   1.39256
   0.39991
   1.33223
   2.17658
   0.36420
   1.27963
   0.81336
   2.36245
   1.58901
   2.24834
   1.08367
   0.69459
   4.17301
   0.73414
  -1.12419
   1.14678
   1.71833
   1.53047
   0.78665
   2.36737
   1.29719
   2.08056
   3.02368
   3.06599
   0.64544
   1.14172
   1.96243
   1.72470
   1.16842
   0.58319
   0.60889
   2.89945
   2.84097
   1.31003
   1.34373
   1.41778
   1.02143
   1.09877
   1.20704
   0.02527
   0.48970
   4.53650
   0.89963
   3.10127
   2.20768
   1.96193
   2.12223
   2.23079
   0.18678
   2.67879
   2.18130
   3.30124
   2.56905
   2.52981
   1.41380
   2.13983
   0.61420
  -0.03052
   2.23143
   0.92537
   1.34069
   0.71685
   3.17935
   2.03909
   3.15155
   1.94033
   1.59338
   1.26478
   1.95990
   2.40533
   1.85342
   2.29600
   1.93499
   1.38760
   1.71154
   0.57152
   2.28595
   0.30596
   1.99352
   1.18124
   0.08241
   2.31603
   1.91025
   0.08556
   1.81407
   1.88860
   0.88425
   0.83837
   0.22911
   2.54550
   1.31309
   0.09015
   1.65409
   1.17670
   2.21041
   0.08163
   0.01156
   0.77002
   2.44857
  -0.55548
   0.51138
   1.80490
   3.54760
  -0.47991
   1.84861
   1.40773
   3.17998
   2.08360
   0.67961
   4.49060
   1.54315
   2.23524
   0.72149
   0.68649
  -0.57229
  -0.03822
   1.80436
  -0.49259
   4.58325
   1.88031
   3.31348
   2.26687
   0.37746
   1.32688
   1.92910
   2.80195
   2.50885
   4.57016
  -0.99814
   0.55075
   4.76287
   2.58355
   3.45720
   2.56200
   1.72151
   0.30992
   1.68413
   3.19101
   1.26355
   1.44948
   1.11226
  -0.48749
   1.11887
   2.08920
   0.79917
  -0.44161
   1.92244
   3.27392
   1.71936
   1.45723
   0.61296
   0.52456
   2.60570
   2.63193
   1.11590
   2.74145
   1.24180
   2.61353
   2.60806
   2.53619
   1.53404
   2.43383
   3.12475
   1.95673
   0.73819
   1.90967
   7.20063
   2.08029
   1.81093
   1.90830
   0.44506
   1.41974
   2.47670
   1.89486
   1.87789
   0.99250
   0.43999
   1.95940
   0.43993
   0.94921
   1.30088
  -0.43833
   0.99866
   0.39856
   3.05469
   0.54616
   0.40468
   0.44938
   0.66874
   0.86471
  -0.09788
   1.16176
   1.52862
   1.33261
   3.27174
   1.91536
   1.44202
   1.94849
  -1.03127
   0.59569
   2.23064
  -0.34484
   3.70521
   1.14075
   0.53196
   1.03728
  -0.28398
   1.24716
   2.22891
   2.87135
  -0.16328
   0.81688
   2.21698
   1.46476
   1.75403
  -0.54626
   3.12704
   2.43537
   0.36543
   1.06439
   2.55052
   2.21043
   2.31564
   0.08643
  -0.52659
   1.45960
   2.06466
   1.09118
  -0.14854
   1.01835
  -0.05213
   0.08326
   1.55955
   1.02378
   1.15866
   1.71084
   1.34396
   0.62034
   2.96306
   0.73117
   0.59338
   1.56062
   1.21796
   1.90526
   2.44721
   0.96003
   2.20734
   0.23212
   1.69156
   1.02027
   1.90275
   0.64563
   0.83529
   0.11638
   1.80998
   1.22790
   0.48957
   1.37497
   0.60734
  -0.29313
   0.60853
   0.67423
   1.20781
   2.11750
   0.90489
   0.71719
   0.75375
   2.24200
   1.12718
   1.59933
   0.05128
   2.77740
   1.32560
  -0.26587
   0.79184
   0.10675
   2.60156
   2.61964
   0.36198
   2.82039
   2.52173
   3.27784
   2.41967
   1.05158
   0.25583
   1.62913
   2.99254
   1.81085
   1.89655
   0.42311
   0.24970
  -0.16068
   1.42300
   1.89413
   0.55574
   1.94333
   1.31136
   3.32696
   1.42528
   1.39017
   2.40179
   0.32267
   3.23395
   1.13449
   1.07751
   1.10013
   0.32086
   1.99997
   1.98336
   1.46546
   1.37288
   1.95730
   0.92283
   2.71438
   1.42024
  -0.08991
   3.32035
   1.96486
  -0.26099
   1.43179
   0.75417
   0.21318
   0.86809
   0.79344
   1.08076
   0.04682
   1.20629
   1.83412
   1.11549
   0.14265
   3.23687
   1.02418
   0.16974
   0.51886
   2.88744
   0.34730
   0.65802
   0.48692
   3.26579
   0.69455
   0.63951
   1.21628
   1.01976
   0.77662
   0.42412
   1.38316
   3.06027
   0.27138
   2.59207
   2.00087
   0.47910
   1.30410
   1.79700
   0.82455
   2.28918
   0.85111
   1.23324
   1.54760
   1.96664
   3.19535
   0.38524
   1.97999
   0.27547
   1.83180
   0.32644
   1.10561
   1.36084
   1.02000
  -0.35978
   1.88372
   0.10226
   1.79554
   1.58783
   2.52518
   0.82969
   1.43323
   1.68335
   0.94486
   1.36865
   1.19899
   0.60381
   1.78549
   2.32463
   0.46322
   2.11784
   2.37793
   2.17479
   2.20563
  -0.50709
   1.24718
   4.97133
   1.16986
   1.97395
   1.85429
  -0.17963
   1.96058
   2.14000
   2.35960
   2.45631
   3.57000
   1.48651
   1.43257
   0.04663
   0.10512
   0.88406
   0.96728
   1.89002
  -0.38421
   2.37339
   0.79375
   0.38078
   1.28189
   1.52395
   1.68604
  -0.25150
   1.08892
   0.97641
   1.12689
   1.22120
   0.51162
  -0.21132
   1.24189
   0.08586
   1.48814
  -0.01820
   0.00686
   1.92319
  -0.07845
   2.35439
  -0.63921
  -0.11896
   3.15290
  -1.27389
  -0.52911
   1.37869
  -0.24927
   1.03353
  -0.05239
   5.91793
   1.45867
   0.95102
   0.90413
   1.59648
   2.36111
   2.87564
   1.60545
   1.97677
   1.99708
  -0.11062
  -0.09698
   1.83149
   0.66520
   1.55732
   0.41479
   2.00577
   1.64235
   1.51889
   2.58640
   0.43468
   0.61905
   1.38851
   1.93966
   0.73660
   1.13112
   1.42120
   1.89476
   0.59297
   1.08422
  -0.27775
   0.21338
   0.54162
   0.51560
   0.86044
   1.48096
   1.00585
   1.09251
   2.66575
   0.54201
   0.91966
   1.02787
   2.04017
   0.46761
   0.81107
   1.09095
   1.12519
   2.29464
   0.15881
   0.32118
   1.40505
   2.40422
   1.30029
   3.85289
   2.92960
   0.80258
   1.05305
   1.04761
   1.24208
   0.28117
   1.47812
   1.34269
   2.88034
   1.42699
   1.32897
   1.73182
   3.64735
   0.66800
   0.96122
   1.08258
   2.30119
   0.67881
   1.56107
   0.48470
   1.91210
   1.90425
   1.30558
   3.89498
   1.95216
   1.95343
   0.88110
   0.82235
   1.36441
   3.33998
   3.53871
   1.36438
   1.63397
   2.29157
   0.17954
   2.45673
   0.64344
  -0.15760
   1.90414
   1.82099
   1.05876
   2.00552
   0.82989
   2.27443
   1.82137
   3.03942
   0.91873
   2.62437
   1.28698
   1.10409
   0.70580
   2.27084
   2.47454
   0.60005
   0.49839
   0.38525
   0.39323
   2.16274
   1.53116
   0.56872
   1.46441
   2.02642
   1.97734
   1.88208
   0.80840
   0.34998
   2.99160
   2.96845
   1.14614
   1.96666
   2.67681
   1.76576
   2.55226
   2.00896
   1.10270
   1.39803
   2.20775
   1.81498
   1.68884
   0.77546
   2.08867
   2.03145
   3.01927
  -0.02849
   1.91449
   1.71470
   1.79615
   1.15857
   1.65763
   1.32138
   1.80605
   1.19197
   2.19255
   1.12546
   0.78663
   0.75956
   0.97512
   0.83348
   1.49406
   2.30733
   0.80859
   1.67357
   1.62790
   3.15650
   2.30096
   1.71469
   1.76682
   2.90802
   2.09827
   1.23898
   0.71860
   0.85236
   1.11840
   1.57044
   2.07256
   2.68460
   1.45505
   1.77540
   1.31574
   2.30157
   0.32341
   2.32013
   1.10051
   1.57028
   1.28668
   2.23293
   1.10361
   0.35674
   1.33876
   3.57396
   1.50291
   1.85471
   0.58454
   1.08343
   4.61321
   1.74579
   0.91200
   0.58500
   1.79480
  -0.46869
   2.01458
   1.29049
   0.34957
   0.94610
   1.25183
   1.90649
   0.61894
   1.80672
   1.53274
   3.12455
   2.34302
   0.54218
   0.96887
   1.27400
   0.68852
   1.12720
   0.68770
   1.59996
   1.51140
   0.63961
   0.79403
   2.19193
   1.21409
  -0.19584
   2.40225
   0.29921
   1.63966
  -0.15426
   1.04322
   0.12564
   3.93458
   1.99884
  -0.69138
   3.36568
   0.33581
   1.54550
  -0.13724
   2.51590
   2.72868
   0.36482
   0.63699
   1.41739
   0.10012
   1.30138
  -0.07614
   2.16482
   0.57882
   1.94392
   2.90392
   2.35756
   0.81161
   0.76413
   1.43321
   1.39800
   1.22928
   0.48719
   3.44580
   1.29190
   1.41722
   2.66747
   0.86286
  -0.19262
   3.56733
  -0.43135
   0.41268
   1.59864
  -0.01595
   1.46601
  -0.25616
  -0.62345
   0.82331
   3.52936
   0.55515
   2.23784
   1.61359
   3.10730
   1.08129
   1.57154
   1.71735
   2.09136
   1.25651
   4.92406
   1.92865
   0.05136
   3.44490
   1.65717
   0.62998
   1.07788
   3.64537
   0.44357
   0.82716
   1.20765
   1.36037
   2.49519
   1.47639
   2.52666
   1.19283
   0.16020
   1.41480
   1.28629
   0.95636
   1.49258
   1.24821
  -0.07644
   1.70694
   0.22512
   1.11548
   2.44982
   2.53245
   0.70210
   0.27102
   0.69754
   0.98043
   2.76252
   0.02042
   1.62098
   1.80289
   6.29106
   2.75657
   1.68456
  -0.04793
   0.85243
   2.15262
   1.68122
   0.16761
  -0.61729
   1.80422
   0.29962
   1.01913
   0.08676
   2.45987
   1.09286
   1.40029
   1.35841
   2.26999
   1.70169
   1.63644
   0.90451
   1.10098
   3.83765
   2.32756
   0.83873
   1.80893
   0.32522
  -0.47798
   0.96034
   2.07239
   0.52880
   1.87718
   2.15046
   1.72114
   0.84158
   1.15467
   1.65701
   1.71410
   0.73149
   2.54546
   0.60822
   1.32168
   2.61690
   1.15948
   1.56356
   2.72413
  -0.95907
   1.53721
   1.44771
   1.02197
   1.01198
   0.82758
   0.45597
   1.06865
   1.07096
   2.76699
   0.55408
   1.57088
   0.19597
   1.78958
   0.03350
  -0.54845
   1.43766
  -0.26288
   1.97631
   1.29128
   1.31552
   1.67018
  -0.12884
   0.57055
   1.06490
   2.68656
   0.29793
   1.95844
   1.89701
   2.27920
   1.66322
   0.86835
   0.30059
   1.31818
   0.71762
   1.97273
   2.09182
   1.32474
   1.65549
   1.80145
   1.35726
   2.26316
   2.30263
   0.73198
   1.17391
   3.83579
   0.97596
   0.75379
   1.16515
   1.02626
   1.08762
   0.94204
   4.24626
  -0.57435
   2.45550
  -0.26606
   2.45080
   1.57917
   1.01181
   1.72906
   1.24098
   2.09854
   2.35406
  -0.45692
   2.00829
   1.08837
   1.47654
   1.44152
   1.62836
   2.09850
   1.82567
   1.91758
   0.70865
   2.40812
  -0.21067
   0.93176
   0.83007
   0.60857
   1.14189
   0.44190
   1.91161
   1.57649
   2.48658
  -0.18968
  -0.11502
   2.37500
   1.23744
   0.84292
   0.81711
   1.86701
   0.94805
   2.56197
   3.29188
   3.30067
   0.89742
   3.23170
   2.22041
   1.11960
   0.44873
   1.82611
   1.58212
   2.87922
   0.24624
   0.34865
   3.30466
   1.26999
   1.31383
   1.71806
   1.77816
  -0.04612
   2.21471
   1.08391
   2.27022
   2.01047
  -0.22880
   0.14932
   1.21400
   0.68771
   0.54239
   1.57052
   1.75460
   0.74273
  -1.40245
   0.70037
   1.46820
   0.86023
   0.96915
   0.53940
   0.62250
   0.95620
   0.47736
   1.99458
   0.50440
   0.52828
   0.97208
   1.32930
   5.28745
   0.31621
   0.65965
   1.58949
   1.37672
   0.89798
   0.83439
   0.76872
   1.04056
   1.48096
  -0.70272
   1.96956
   1.98124
   3.21527
   1.83006
   1.71289
   1.28108
   1.57663
   2.15141
  -0.07860
   1.99056
   1.32831
  -0.58468
   0.22069
   2.78979
  -0.17314
   0.86488
   0.57516
   1.69056
   2.36345
   1.63521
   0.24919
  -0.24802
   1.55353
   1.00971
   2.08641
   0.98237
   0.38263
   1.08235
   0.35121
   2.26087
  -0.55017
   0.77919
   4.90709
   1.38740
   1.06470
   2.10338
   2.48351
   4.29890
   1.66466
   1.42918
   1.47165
   0.59372
   1.77665
   0.96566
  -0.01987
   6.13292
   0.62899
   2.34180
   2.18413
   0.66370
  -0.62159
  -0.58100
   1.87876
   1.17733
   3.40481
   1.22151
   0.91837
   1.59396
   1.44137
   0.98342
  -0.44437
   2.51793
   0.29491
   1.96811
  -0.05009
   0.41344
   4.45048
   2.95607
   2.90848
   1.17406
   2.07941
   1.06649
   3.06324
   2.03989
   0.19191
   0.46355
   3.16397
   1.31386
   0.57248
  -0.00679
  -0.57548
   0.38136
   0.45628
  -0.91878
   1.40421
   0.74528
   2.58552
   2.98380
   1.05120
   1.39211
   0.27911
   3.00068
   1.61624
   2.14197
   1.23538
   2.12333
   0.19327
   0.45819
   1.35257
   2.33668
   3.06196
   0.39788
  -0.15546
   1.71216
   1.16132
   1.51861
   0.71051
   0.17435
   1.17895
   1.64021
   0.37076
   1.62721
   2.01714
  -0.12047
   1.58575
   2.61874
   0.34321
  -0.21194
   0.96929
   1.75801
   0.51894
   2.86379
   3.98146
   0.95933
   1.37352
   0.91442
   1.30985
   1.96741
  -0.14635
   1.79361
   0.09311
   0.45184
   2.30726
   3.28231
  -0.40184
   1.00902
   0.73443
   2.96838
   4.65721
   2.56959
   2.50052
   2.26348
   1.68590
   0.33416
   1.66241
   2.48509
   1.87941
   1.63448
   0.04284
   1.13536
   0.52118
   0.27366
   1.51993
   1.11856
   1.16271
   2.68175
   0.39149
   0.78462
   0.69310
   0.87323
   0.53377
   0.43408
   0.76583
   3.47740
  -0.26732
   1.95239
   2.16792
   3.68973
   0.67520
   2.32385
   1.82388
   0.29315
   0.12538
   1.17620
   0.96505
   1.72699
   2.14766
   1.67730
   1.86593
   1.50546
   1.35794
   0.41577
   1.40430
   2.18595
   2.05890
   0.19938
   0.22548
  -0.11192
   0.91330
   0.76533
   0.76212
   0.94211
   2.45051
   1.26955
   2.29107
   2.99264
   0.09610
  -0.06932
   1.26438
   1.63561
  -0.09273
   0.65968
   0.84653
   1.48291
  -0.74813
   0.17626
   2.17595
   1.22072
   1.29488
   0.53390
   1.05729
   0.97693
   0.75175
  -0.90168
   1.12903
   2.50960
   4.16526
   1.52838
   1.42030
   2.50027
   2.26667
   0.44177
   1.40054
   0.10516
   1.65981
   0.38614
   1.24802
   0.26446
   1.59883
   0.87343
   2.65422
   0.01444
   2.92995
   2.94266
   1.34252
   2.75979
   1.69413
   2.81603
   0.80095
   1.84491
   1.26886
   1.44669
   0.42050
   0.06186
   2.00765
   0.14992
   1.49357
   2.41121
   2.23522
   0.53961
   0.86939
   1.04458
  -0.66132
   1.79404
   1.47621
   0.80583
   0.07952
   0.60811
   0.68857
  -0.12678
   0.43713
   3.18620
   0.92481
   2.62938
   1.46136
   0.19321
   0.67428
   0.95837
   9.81352
   0.86634
   2.71486
   0.94592
   0.07903
   2.11015
   1.95606
   0.68310
   2.69757
   1.80520
   1.60123
   1.45519
   2.62438
   1.31966
  -0.96371
   0.57854
   3.00065
   1.37180
   0.87237
   3.86528
   0.27482
   1.33075
   2.08701
   1.92280
   0.64731
   2.20821
   2.02134
   1.28217
   1.93897
   1.46412
   3.39611
   1.33491
   1.75391
   0.82883
   0.35773
   2.05424
   1.21661
   0.50771
   0.95904
   1.67340
   1.41839
  -0.00933
   0.70644
   0.83078
   0.78574
   0.76621
   2.50944
   1.28654
   1.77154
  -0.33745
   1.38436
   1.46689
   2.22114
   0.26915
   2.17919
   2.03110
   1.88322
  -0.94602
   1.12939
   2.35526
   1.24616
   0.94956
   1.87877
   1.78827
   0.23356
   2.18315
   1.18859
   0.36733
   0.77685
   0.77540
   1.93552
   1.36466
   1.53395
   2.83525
   2.56769
   1.89526
   2.42937
  -0.31043
   1.92196
   1.24902
   1.54581
   5.34837
   0.65573
  -0.20897
   3.70115
   2.89862
   1.22767
   1.52060
   1.24707
   2.29545
   3.60448
   2.19441
   0.63713
   0.59973
   1.64033
   1.18055
   1.28227
   2.12037
   2.24634
   0.78668
   1.03812
   0.56370
  -0.62726
   1.35990
   2.42284
   1.66599
  -0.41411
   0.80104
   0.24218
   1.99653
   2.80639
  -0.76555
   1.26886
   2.95338
   2.84089
   0.28344
   1.49687
   1.08809
   1.99209
   2.10972
   1.46474
   2.08845
   1.27751
   1.86405
   0.71311
   0.92701
   1.67064
   1.11699
   1.82540
   0.65119
   1.47096
   2.09079
   0.75175
   0.59631
   0.81371
   2.48613
   3.29144
   3.36424
   2.66562
   0.71780
   0.25572
   0.06863
   0.50986
   1.27256
   2.33180
   1.29571
  -0.16754
   0.23531
   2.62662
   2.57077
   2.61813
   0.87103
   1.10736
   1.52258
   0.17182
   3.43120
   0.78968
   2.60464
   1.73053
   0.29620
  -0.45105
   1.91405
   3.22843
   2.16276
   1.85958
   0.16820
   1.41412
   0.79564
   1.53012
   2.55310
   1.51269
   2.60884
   2.08454
   2.15942
   1.98548
   1.08734
   1.72622
   1.52488
   1.18648
   1.24693
   0.46907
   2.23011
   1.09477
  -1.82015
   4.35632
   1.66897
   1.78254
   1.14600
   1.49271
   1.06510
   0.75096
   1.54886
   1.36580
   0.94096
   2.08615
   2.04000
   0.94220
   1.76762
   0.65559
   0.81013
   1.33745
   1.52901
   3.31174
   1.09183
   1.52381
   1.67921
   0.90818
   2.20373
   2.35275
   1.17556
   1.16255
   1.97820
   0.38416
   1.38961
   1.46976
   1.68924
   4.65009
  -0.39889
   1.56021
   1.45474
   1.62778
   2.30148
   4.51122
   0.81908
   1.09856
   2.42820
   0.96943
   2.23796
   0.92798
   2.00660
   1.09741
   2.12780
   3.12287
   1.79472
   0.85082
   1.24524
   0.60323
   1.14064
   0.62358
  -0.11047
   1.32439
   0.44042
   0.35540
   1.54171
   0.78239
   2.12814
   1.11006
  -0.05104
   0.78244
   2.29130
   1.32654
   0.44564
   1.22917
   0.24796
  -0.45757
   0.75730
   0.59869
   0.77836
   0.17951
   0.46097
   1.58630
   2.11777
   1.28772
   0.19952
   0.69089
   0.48572
   1.69294
   2.75774
   0.77109
  -0.24166
   2.36705
   0.63788
   2.08875
   1.51218
   2.31880
   1.35084
   0.81089
   1.06638
   2.56110
   2.59960
   0.96384
   1.89227
   2.15289
   2.52987
   0.72877
   0.33384
   0.27255
   2.47030
   2.00132
   2.72317
   0.23609
   1.53633
   0.65609
   0.49944
   0.89716
   2.43404
   1.51087
   1.12942
   2.04422
  -0.13623
   3.38799
   0.90741
   5.32324
   0.57965
   0.24065
   1.68827
   1.74209
   3.20836
   2.16949
   1.69329
   1.61078
   2.09098
   0.14095
   1.91780
   1.98772
   1.69999
   0.98069
   2.19634
   2.30787
   1.32934
   1.89848
   1.86164
   1.29361
   1.00573
   3.64755
   1.15557
  -0.40284
   1.29108
   3.78555
   1.41018
  -1.50230
   2.66873
   1.83295
   0.76610
   1.11535
   0.05898
   2.27061
   1.53771
   1.04930
   1.51153
   0.04261
   4.56029
   1.78712
   0.31358
   1.20886
   0.26866
   3.19198
   1.53304
   2.04058
   2.27867
   0.73179
   1.58994
   1.53856
   2.68690
   1.51832
   2.27780
   0.95576
   2.32906
   3.36593
   0.72435
  -0.33393
  -0.56765
   2.59952
   1.57365
   0.15300
   1.66667
   1.41228
   0.75548
   1.68842
   0.63604
   0.12173
   2.91671
   2.91159
   1.61249
   1.60832
   1.26045
   0.24881
   1.94601
   1.32298
   1.66057
  -0.38335
   2.43166
   1.55245
   2.09080
  -0.11658
   0.74101
  -0.16806
   1.78959
   1.38738
  -0.58189
  -0.13526
   2.91216
   1.36390
   0.01961
  -0.76801
   0.20864
   0.48079
   5.05315
   0.74667
   1.00185
  -0.11673
   2.17813
   0.38461
   0.67670
   2.46543
   2.30181
   0.40769
   0.14598
   2.88401
   1.39720
   3.23089
   1.47746
   0.32217
   2.13895
  -0.17969
   0.59296
   0.71669
   2.26546
   4.54699
   2.83217
  -0.53023
   1.55149
   0.86567
  -1.59886
   0.74040
   2.36884
   2.23861
   2.59215
   1.43336
   0.91075
   1.84316
   1.76832
   2.34568
   2.11279
   1.02106
   0.38341
   0.71269
   2.40674
   1.46387
   2.23865
   3.02861
   0.60678
   0.88487
   1.49176
   3.73878
   1.57819
   1.73170
  -0.02765
   0.87990
   0.77635
   4.04079
   1.55171
   1.99581
   1.18588
   0.50521
   1.23305
   1.06256
   3.62306
   1.03159
   2.88956
   1.25842
   4.11402
   2.33000
   3.85862
   1.61200
   0.73089
   2.86093
   1.09721
   0.84066
   1.37373
   2.57554
  -0.03980
   0.88560
   1.81285
  -0.34675
   0.36739
   0.58049
   1.64168
   1.19402
   0.09678
   1.10848
   1.41413
   0.61225
   0.75785
   0.33677
   1.95776
   1.36270
   0.45409
   0.95403
   2.06737
   0.39456
   1.47059
   0.84628
  -0.49075
   2.95417
   1.91651
   1.69936
   3.19391
   0.18604
   2.82091
   1.13204
   0.70529
   1.53906
   1.25572
   1.52278
   2.42166
   1.25841
   1.35697
   1.03714
   2.13685
   0.93330
   1.65301
   1.89561
   0.71675
   0.29419
   0.90671
   0.84665
   0.60871
   0.98402
   2.73391
   0.95324
  -0.17273
   3.05657
   0.72634
   1.01842
   2.09627
   1.28399
   1.41456
   1.93919
   0.90663
  -0.03719
   0.75865
  -0.57806
   3.59374
   0.77750
   2.07613
   1.17285
   1.94701
   1.43349
   1.81630
   2.21317
   1.50885
   1.05204
   0.01240
   2.17020
   2.34680
   2.20358
   1.64528
  -0.37316
  -0.36312
   2.41649
  -0.80210
   1.16046
   1.86416
   0.86184
   2.01885
   1.67719
   0.40395
   1.66617
   0.94619
  -0.07996
   1.79259
   1.85372
   0.89226
   1.71956
   2.47281
   2.48402
   1.57500
   2.34174
   1.71820
   1.51000
   1.72223
   1.97693
   2.79473
  -0.47627
   2.24571
   1.72967
   3.24964
   1.91149
   2.81704
   1.14920
   1.62542
   0.79161
   1.99812
   4.59834
   1.56191
  -0.08463
   0.87011
   0.11091
   0.56911
   1.55070
   1.39857
   2.80116
   1.17933
   1.22163
   3.22305
   3.36524
   1.53659
   1.16407
   2.66197
   3.58371
   1.27726
   2.60193
   2.65728
   1.40727
   2.98492
   2.66435
   1.04739
   2.36799
   1.14672
  -0.08887
   3.10708
   0.51456
   1.88571
   0.51994
   0.63657
   0.29377
   1.73484
  -1.51751
  -0.79318
   0.68317
   1.60271
   1.44373
   2.25546
   0.57063
   2.82664
   1.54867
   1.22209
   3.01542
   2.92461
   0.53012
   0.66098
   1.78202
   0.27041
   3.29669
   3.43669
   1.60966
   0.61440
   1.84711
   1.55362
   1.25318
   3.13663
   1.74515
   1.52398
   1.51874
   1.96453
   1.46533
   0.50741
   0.20409
   1.13391
   0.80092
   1.79882
   0.93064
  -0.07806
   1.95010
   0.73769
  -0.01604
   0.34370
   1.84848
   0.41062
   0.26452
   1.92779
   1.34924
   0.87550
   1.18477
   0.69177
   0.56949
   2.15102
   0.79959
   2.37535
   0.98187
   0.48345
   2.64064
   1.09583
   0.98056
   1.45118
   1.24704
   2.07776
   0.55686
   2.37009
   1.37097
   0.88646
   1.07406
   0.48130
   0.44397
  -0.03730
   0.34800
  -1.18430
   1.69517
   2.23460
   2.28209
   0.08012
   0.62278
   2.66030
   1.00863
   1.75976
   1.82804
  -0.64355
   3.16122
   0.62153
   1.82575
   3.86446
   2.56247
   0.62505
   1.92805
   0.10245
   2.97271
   0.25821
   1.31761
   1.56247
   1.22721
   0.55756
   0.99404
   0.60353
   1.22707
   2.74131
   0.91521
   1.34249
   1.31654
   1.49013
  -0.45333
   1.62680
   1.73134
   1.63079
   0.22816
   2.84342
   0.55021
   0.95533
   1.27663
   2.53869
   1.44508
   1.44471
   1.04038
   1.40034
  -0.95430
   1.98965
   2.15412
   3.05630
   0.88997
   0.46438
   2.06824
   2.77751
   1.09770
   0.49195
   2.66104
   4.11866
   2.94945
  -0.20188
   1.48619
   1.44238
   0.84964
   0.05988
   2.38903
   0.06528
   0.79500
   2.00837
   1.33717
   1.45219
   2.21435
   1.24590
   1.18870
   2.18949
   0.77003
   0.46480
   0.34509
   1.63183
   1.54456
   1.86417
  -0.02839
   1.25606
   0.92083
   2.74550
   0.99091
   1.12902
   0.95712
   1.59937
   0.33576
   0.42931
   1.74031
   2.14200
  -0.31114
   1.13239
   1.48856
   2.18935
   2.38829
   0.12559
   1.33545
   1.52285
   2.24968
   1.79399
   0.92779
   0.80130
   2.80897
   1.84972
   2.29159
   0.75274
   1.40385
   1.78755
   1.03453
   1.42547
   2.00480
   0.47504
   2.97470
   2.58011
   1.54005
   2.55719
   0.56346
  -1.01291
   2.13793
   2.62560
   0.19464
   1.69648
   1.79981
   2.81121
   1.99684
  -1.00796
   1.21185
   1.56017
   1.67392
   1.09991
   1.41828
   4.00285
   1.69330
   1.46800
  -0.13585
   1.29892
   2.48491
   2.61857
   1.47362
   1.78566
   0.76482
   1.46396
   2.95037
   1.10394
   3.31022
   3.08482
   1.07809
  -0.53377
   1.29147
   1.11465
   1.21992
   1.26517
   1.14628
   1.24830
   0.51924
   1.51842
   1.42649
   2.91187
   1.04031
   0.23658
   1.11973
   1.06627
   1.39627
   3.22790
   0.04697
   1.37282
   1.39702
   1.36906
   2.18257
   1.64135
   1.80394
   1.76954
   1.13293
   2.72008
   1.45323
   0.88952
   5.30875
   2.57771
   1.08792
   1.01344
  -0.02249
   2.15131
   1.35839
   0.79915
   1.49537
   2.01452
   1.05483
   4.44053
   1.06229
   0.81614
   1.95561
   0.71313
   0.79820
   0.29094
   3.45667
   1.60902
   0.74207
   1.54777
   0.82681
   0.22912
   0.86521
   1.47688
   2.68325
   1.15735
   2.10400
   1.62129
   2.70335
   2.41878
   0.50904
   1.37019
   3.33290
   0.80257
   0.82308
   0.93923
   0.67121
   2.39470
   1.23670
   2.90478
   2.02479
   2.02612
   2.20196
   0.13511
   1.81417
   2.37705
   2.30698
   1.55436
   0.54033
   1.37649
   2.55559
   0.09557
   1.62306
   0.56947
   0.84192
   1.13295
   0.48453
   0.48708
   1.50595
   0.89844
   1.37179
   1.51946
   1.65019
   1.05874
   0.33834
   1.22056
   1.61826
   1.54826
   0.23644
   0.99594
   0.97646
   0.87810
   0.95976
   1.83577
   0.73128
   1.60428
   2.64345
   0.27324
   0.12657
   1.72955
   8.17167
  -0.30747
   1.35613
   0.41545
   1.90184
   3.73900
   2.14714
   0.73210
   0.20781
  -0.26614
   0.81966
   1.36203
   1.15562
   1.48494
   0.87384
   1.30188
   1.92338
   0.98117
   0.94772
   4.30648
   2.09256
   0.22464
   1.00596
   1.68868
   1.56235
   2.11116
   0.88796
  -0.16918
   3.40669
   1.64798
   0.49851
   1.63090
   2.02903
   0.21632
   1.59633
   2.11910
   2.18937
   1.74622
   0.49178
   1.33713
   0.66520
   0.92270
   0.33288
   1.64842
   1.22344
   1.21240
   0.68143
   1.36639
  -0.20582
   1.64371
   1.45226
  -0.26787
   1.21176
   1.47845
   0.78527
   3.09835
   1.02824
   1.59202
   0.76822
   1.69350
   2.52449
   1.68023
   2.91669
   3.79165
   0.96409
   0.85942
   1.08088
   2.18597
   2.47627
   0.52649
   1.95911
  -0.07536
   1.19823
  -0.15629
   1.03992
   0.22652
   0.41341
   2.74753
   0.76438
   2.30411
   0.79264
   1.92172
   1.94659
   2.83032
   4.05747
  -0.01188
   1.81944
   0.38208
   1.51709
   2.14062
   1.82254
   0.46398
   1.26759
   0.77449
   0.73839
   0.15245
   3.82711
   0.83697
   2.14060
   1.90493
   1.47871
   1.44094
   0.49652
  -0.16576
   1.44910
   0.58535
   4.32139
   0.81397
   0.25813
   0.08759
   4.36393
   1.46272
   2.17555
   1.84734
   0.40833
  -0.70792
   5.36306
   1.63589
   1.84153
   1.52225
   1.02441
   2.57594
   1.34606
  -0.28853
   0.29954
   1.13449
   0.33094
   1.23060
   2.72623
   1.42600
  -0.53830
   1.36009
   0.94412
   1.41446
   1.35369
   1.05730
   1.39496
   1.71090
   1.85741
   1.33815
   0.71741
   0.98040
   0.01864
   1.82432
   1.67893
   0.91489
   7.03550
   2.66938
   1.57377
   3.09091
   1.17509
   2.08412
   0.79421
   1.03525
   2.69191
   1.38839
   1.10433
   0.61621
   1.21479
   2.41257
   1.98479
   0.69656
   1.36630
   0.89240
   1.76318
  -0.00601
   2.97489
   2.88149
   1.26346
   0.55577
   1.45401
  -0.94913
   1.33106
   3.96937
  -0.10151
   2.59625
   2.08488
   1.40824
  -0.05494
   0.97164
   1.28795
   2.15180
   1.11864
   0.51990
   2.54535
   0.32856
   1.21456
   1.54862
   0.29486
   1.35230
   3.55581
   0.60331
   3.07444
   1.87209
  -0.25315
   2.52588
   1.27149
   0.64990
   0.75046
   2.10740
   0.21868
   1.85506
   1.46526
   1.42961
   0.46264
   2.20807
  -0.24554
   1.72585
   3.11889
   1.26809
   0.84576
   2.95258
   0.92211
   1.59765
   0.23145
   0.89510
   0.88444
   2.16729
   1.69699
   1.41985
   1.72128
   0.09814
   0.86596
   2.30631
   1.87025
   0.64054
   1.30216
   3.24308
   2.50680
   2.67060
   2.55446
   3.76163
   0.75048
   2.58582
   2.04553
   0.97137
   1.31202
   0.89335
   0.19001
   2.53030
   0.40718
   1.49201
   0.59124
   1.59216
   0.88778
   2.01024
   0.88720
   0.83094
   2.88254
   2.23736
   1.87019
   1.43461
   0.92157
   1.22245
   0.01710
   1.17756
   2.19447
   1.42224
   0.41368
   4.48773
   0.85698
   0.85649
   1.26759
   0.84785
   0.89439
   2.51078
   2.72357
   1.71439
   0.51002
   2.10147
   2.16452
   1.48622
   1.14762
   1.30181
   2.02097
   0.67642
   0.68154
   1.01419
   0.91162
   1.31536
  -0.15130
   2.17112
   0.95319
   2.99028
   1.76540
   0.36030
   2.02020
   0.40091
   1.27698
   1.20473
   3.90421
   2.64155
  -1.03665
   2.00945
   2.62351
   3.09837
   0.61457
   1.45409
   2.59631
  -0.12258
   0.46006
   0.77358
   0.67621
   0.09922
   0.98970
   1.75677
   0.62038
   2.04378
   2.69757
   1.12051
   1.58081
   1.40997
   1.92871
   0.09361
   2.18174
   2.80392
   1.04826
   1.19404
   1.65315
   2.06229
   0.83613
   2.95986
   1.05006
   2.70099
   2.12690
   0.68069
   0.09242
   1.95266
   1.82196
   1.43387
   1.72046
   2.32842
   0.26649
  -0.11536
   1.66727
   1.17549
   1.24975
   0.63074
   2.34534
   0.68577
   0.98376
   2.34751
   1.19824
   0.81979
   1.51027
   1.81275
   0.79458
   1.90149
   0.66976
   2.46046
   0.92719
   0.77030
   0.77483
   2.91667
   1.29133
   0.12307
   0.76003
   0.41186
   1.91072
  -0.73636
   1.50268
   1.55842
   1.17496
   3.77901
   0.43377
   1.20792
   0.42013
   4.01410
   0.62673
   2.51771
   0.55873
   2.60356
   1.52909
   0.54328
   1.13922
   3.11429
   0.71392
  -0.01104
   0.78937
   0.68934
   4.52164
   2.14315
   2.83282
   1.47567
   2.15766
   0.46683
   1.21582
   0.78812
   2.11122
   1.64126
   1.29449
   1.88805
   3.80862
   0.75116
   1.88468
   1.08703
   1.69956
  -0.15470
   0.23640
   1.77061
   2.07446
   1.63435
   1.08596
   0.62034
   1.85242
   1.69515
   4.60446
   0.40563
   1.58997
   1.30055
   3.43147
   3.28241
   1.31218
   2.26516
   1.14462
   1.20391
   2.84440
   2.16994
   1.35285
  -0.16128
   1.88743
   2.42355
   1.29793
   3.43460
   0.10518
  -0.27485
   0.56596
   0.69567
   0.05885
   0.83106
   1.72756
   2.91236
   0.84840
   0.93730
   0.71545
   1.09141
  -0.12009
   1.12319
  -0.08389
   1.58262
   0.96964
   2.10918
  -0.81133
   0.54332
   1.88827
   1.48564
   2.33912
   1.40112
   1.67008
   1.47000
   3.14456
   0.38320
   3.00125
   0.14842
   1.57832
  -0.54373
   1.33575
  -0.78409
   1.87145
   1.78033
   1.21686
   1.22267
   2.38646
   0.25673
   1.23797
   1.50173
   0.89224
  -0.16165
   0.46184
   1.24671
   1.50309
   1.48930
   0.92974
   2.22779
   1.94028
   1.07313
   1.50754
   1.55307
   2.45024
   1.39559
   0.53435
   1.11406
   0.83116
   1.78780
   1.15927
   0.57050
   0.73125
   2.05277
   2.78701
   0.68167
   1.04563
   0.92642
   0.43091
   3.05452
   1.62536
   1.03536
   1.53483
   2.45908
   1.57044
   2.33906
   2.79520
  -1.16697
   0.93303
   1.91112
   2.33245
   1.50060
   0.21934
   1.51249
   2.18443
   1.05548
   1.83324
   1.10724
   0.04987
   0.91952
   2.86369
   0.27652
   0.24215
   0.40875
   1.47609
  -0.40457
   1.40249
   1.03406
   2.04520
   1.30431
   1.53742
   0.42648
   2.82819
   2.35063
   1.05036
   2.43113
   0.77847
   0.05977
   2.08683
   1.79001
   0.91020
   0.48396
   1.69120
   1.68155
   2.43450
   2.80775
   1.00692
   0.99468
   1.39315
   2.93326
  -0.28825
   1.42673
   1.88120
   3.03553
   1.32291
   1.67481
   2.51298
   1.63540
   2.86510
   0.15491
   1.69936
   2.06991
   2.91754
   2.28982
   0.97370
   0.67497
   2.00573
   0.25009
   1.88414
   1.40631
   3.56856
   0.03298
   2.68072
   0.31992
   2.15596
   0.33829
   0.17228
   1.09952
   0.20223
   0.10905
  -0.03910
   0.42592
   2.22390
   1.56045
   1.30654
   1.31834
  -0.24129
   3.45678
   0.32628
   0.40085
  -0.48487
   0.16333
   0.09695
   2.26675
   0.16347
   1.12469
   2.26459
   2.52326
   2.16863
   0.52083
  -2.07799
   3.05591
   1.14883
   3.15860
   2.13030
   1.19425
   2.01004
   3.08097
   1.10791
   0.93252
  -0.35639
   1.69772
   1.54486
   4.04442
   2.62548
   1.14223
   1.77572
   1.51451
  -0.91688
   1.11729
   0.66392
   0.88934
   2.60278
   2.56108
   0.14782
   1.59704
   1.53272
   0.95676
   0.78040
   0.17866
  -0.61853
   2.76378
   1.09077
   1.06215
   2.00589
   3.52998
   2.18357
   2.55231
   1.92431
   3.55827
   1.34364
   1.07077
   1.69441
   1.38153
   1.16578
   2.73260
  -0.14551
   1.28998
   1.56708
  -0.87448
   1.57079
   1.47703
   3.54132
   0.79610
   0.26747
   1.10497
   2.16367
   0.91128
   0.23631
   3.06583
   1.08000
   1.16170
   1.84204
   1.93510
   0.68729
   0.33158
   0.72813
   2.45524
   2.12404
   1.70635
   1.47570
   1.64330
   0.40823
  -0.00003
   2.42146
   4.42578
   2.26906
   1.15685
   0.76916
   1.38088
  -0.20092
   2.11060
   0.92161
   1.55770
   1.33628
   0.99383
   0.41329
   0.96034
   2.52109
   1.58106
  -0.13471
   0.19741
   2.60649
   1.82264
   1.14755
   0.28754
  -0.73255
   0.48580
   2.67183
   0.47520
   0.11670
   2.12520
   2.39647
   1.22654
   2.45740
   0.65597
   1.48323
   2.55186
   1.85346
   2.40155
   0.72435
   1.19164
   2.14632
   1.01748
   1.45428
  -0.78322
   1.54579
  -0.03651
   2.68710
   2.84855
   1.18757
   1.23226
   2.17845
   0.71017
   1.87376
   1.02358
   1.25258
  -0.77631
  -0.00719
   0.14446
   1.84507
   1.56775
   0.42633
   1.85369
   1.52607
   1.45883
   1.69804
   1.97054
   1.02868
   0.83923
   0.75803
   2.04437
   0.46452
   0.61344
   0.95466
   1.63826
   0.10182
   0.58776
   2.19140
   0.95753
   1.49400
   2.72906
   0.10075
   1.33871
   0.55885
   0.64671
   4.17169
   1.35197
   0.59323
   1.99541
   2.69853
   0.07523
   1.11663
   1.10673
   2.71572
   4.34818
  -0.45734
   3.39562
   0.54618
   1.27367
   2.32309
   2.26750
   0.33615
   1.74018
   1.77369
   1.64782
   0.97361
   1.34925
   0.15246
   1.20306
   1.23864
   0.12639
   1.16900
   0.76819
   2.56329
   2.03641
   2.74075
   1.03646
   2.12678
   1.27756
   3.61851
   1.10599
   2.64640
   2.07310
   2.24027
   2.19261
   2.30059
  -0.00142
   2.87960
  -0.23308
   2.21349
   1.74670
   0.23801
   1.81797
  -0.88046
   0.99693
   1.01799
   1.07416
   2.27555
   0.59271
   0.41996
   1.46572
   0.91294
   1.87428
   1.47522
   1.19605
   0.01395
   1.40935
   2.16101
   1.30773
   1.14742
   0.25794
   1.52884
   0.65617
   1.42704
   0.11762
   1.63957
   2.11698
   1.27358
   0.66962
   0.85557
   0.48286
   2.85189
   1.73445
   2.05841
   1.60886
   1.40220
   0.59634
   2.07788
   1.17895
   1.33797
   1.27315
   0.08096
   0.72247
   1.72803
   3.76223
   1.29900
   2.66736
   1.36743
   1.77541
   1.09136
   1.04779
   1.17232
   1.69891
   0.40681
   2.45609
   0.07914
   7.36663
   0.42277
   0.76083
   1.52500
   2.30283
   0.54037
   1.08521
  -0.52563
   1.39348
   0.68779
   2.43322
   3.66163
   0.61779
   1.03692
   1.44996
   1.09692
   1.19690
   1.15187
   1.13576
   0.82169
   0.87506
   2.42990
   2.12380
   0.30646
   2.15277
   0.28334
   2.41843
   0.03463
   0.93377
   0.65610
   0.15326
   2.48545
   2.04019
   2.47526
   1.78000
   0.77380
   5.20582
   1.02439
   0.33430
   0.49140
   0.72552
  -0.16735
   1.82927
  -0.45454
  -0.15741
   1.44083
   0.72340
   2.27787
  -0.11801
   2.39498
   1.29719
   2.48365
   3.05918
   1.58030
   0.33842
   0.89402
   2.03743
   2.51234
   1.07585
   2.50551
   1.53819
   2.42625
   1.76483
   1.55517
   0.98339
   1.01922
   4.24691
   1.38521
  -0.81825
   0.25944
   2.11827
  -0.31050
  -0.23324
   2.31543
   2.13044
   5.20834
  -0.35773
   1.13291
   1.09191
   1.75479
   2.06216
   1.24165
   1.29999
   0.13951
   1.75801
   1.88687
   0.47581
   1.15442
   0.84935
   2.30227
  -0.12910
   1.25525
   0.44270
  -0.18968
   2.06940
   1.99763
   2.20387
   1.29436
   2.02864
   2.46691
   0.70057
   2.19309
   1.82414
   0.31448
   1.31701
   1.82920
   0.55140
   1.32156
   0.39826
   1.96100
   2.00088
   1.63961
   0.77815
   3.40303
   5.05677
   1.90314
   1.22026
   0.66304
   1.74723
   1.22208
   0.56068
   0.97884
   2.37782
   1.00397
   1.49072
   1.29016
   1.74903
   3.22909
   0.40323
   4.05915
   0.49773
   1.30269
   0.11535
   2.92412
   3.43815
   1.92537
   0.75208
  -0.08729
   0.09848
   1.65583
   1.99372
   4.62383
   0.89982
   0.73758
   0.98190
   2.21145
   0.88101
   0.98430
   0.90361
   1.87438
   2.91150
   2.03278
   1.65243
   1.85048
   0.10487
   4.22560
   1.21678
   2.97066
   2.45480
   2.21557
   2.18058
   2.04481
   1.72509
   0.43273
   1.52653
   0.89442
   0.25102
   0.39116
   1.26029
   1.46909
   1.44144
   1.36460
   0.82335
   2.08337
   2.06446
   0.28239
   1.83836
   1.28752
   1.60386
   1.00055
   2.08249
   2.20655
   2.30599
   2.63332
   2.27116
   1.17927
   1.73975
   0.13634
   0.16692
   1.64068
   1.41578
   0.07716
   2.97547
   1.98782
   1.93488
   1.22136
   2.04665
   3.35324
   1.97186
   2.58251
   1.10899
   0.88337
   2.32680
   4.18192
   1.66414
   0.56463
   2.97528
   2.70738
   3.03355
   0.68767
   2.10775
   1.41278
  -1.03664
   1.03336
  -0.17937
  -1.37194
   0.90859
   2.11802
   0.04384
   2.55653
   1.50978
  -0.69350
   1.69150
   3.92629
   1.34101
   1.45986
   1.38512
  -0.65605
   0.50859
   0.62426
   2.13894
   2.45187
   0.87262
   1.22487
   2.11240
   1.84911
   0.58447
   1.73340
   1.60369
   1.85861
   3.20302
   2.55877
   0.21132
  -1.06212
  -1.36961
   1.06895
   0.08745
   1.56161
   0.68146
   1.03904
   1.16093
   0.49603
   2.69482
   1.63999
   4.09073
   0.28542
   2.76129
   1.56609
   1.05093
   0.13074
   1.71392
   0.07024
   1.27210
   0.67128
   0.06058
   0.08516
   0.44739
   3.13260
   1.14462
   0.02012
   0.89854
   2.60033
   0.78210
   0.47038
  -0.03770
   0.35615
   1.20576
   0.63770
   0.72593
   1.26570
  -0.55612
   1.94400
   2.63850
   2.35418
   2.77164
  -0.01462
  -0.01020
   1.63403
   0.50711
   2.17113
   2.49492
   1.05754
  -0.53181
   1.34529
   1.90273
   1.60684
  -0.25422
   1.68688
   0.34773
   3.73796
   0.53564
   0.87668
   1.36343
   1.04098
   0.36864
  -0.13083
   1.08933
   1.49060
   1.47531
   0.51126
   2.25913
   0.84296
   3.06414
   0.27687
   1.07467
   2.68189
   1.30087
   0.26485
   2.06472
  -0.19730
  -0.22308
  -0.18978
   1.28257
   1.50485
   1.36118
  -0.21240
   1.90059
   1.04370
   0.18621
   0.75177
   1.77339
  -0.56404
   2.36955
   0.13639
   0.55094
   1.67882
   1.06630
   0.44364
   3.06723
   2.06895
   0.01530
   2.16510
   1.03393
   0.23412
  -0.31656
   1.70118
   1.78797
   3.42623
   1.60456
   0.08428
   2.00187
   2.07341
  -0.39733
   3.21261
  -0.25380
   2.52022
   0.10314
   1.58693
   1.02309
   1.33985
  -0.11921
   1.85206
   1.09472
   1.04883
   1.71609
  -0.01842
   2.33936
   3.22244
   0.44421
  -0.61197
   2.83975
   0.40002
   1.64421
   1.44600
   0.18532
   0.26912
   1.18248
   0.60636
   0.77566
   2.62716
   0.25538
   1.13303
   2.80837
   0.62658
   1.39992
   2.62392
   1.31385
   0.85340
   1.22196
   2.85361
   2.50075
  -0.46655
   1.41291
  -0.54564
   3.43152
   0.45786
   1.87147
   0.82002
   0.49625
   1.85119
   1.60482
   1.67996
   1.64441
   0.91663
   0.00147
  -0.73733
   0.39051
   0.19533
   2.69736
   1.16333
   1.60437
   1.98628
   0.63466
   1.22508
   3.52862
   1.16500
   1.64070
   1.15546
   0.87331
   2.42118
   0.40066
  -0.09064
   2.35946
   0.12363
   1.84973
   0.78889
   1.28833
  -0.82053
   0.78256
   0.47055
  -0.15914
   1.52503
   2.88442
   1.17725
   3.15869
   0.40026
   0.16604
   0.81037
   0.63166
  -0.43426
   0.91016
   2.72736
  -0.44869
   0.33458
   1.74927
   1.61146
   0.54532
   2.12536
   1.38256
   2.36823
   0.87122
   1.57101
   1.69882
   2.10204
   2.33664
   0.44383
   2.00561
   2.27198
   3.19803
   0.91970
   2.46001
   1.81734
   3.33542
  -0.77706
   0.28909
   0.52695
   3.65055
   1.85886
   0.98832
   0.90912
   0.11774
   0.69097
   0.94454
   2.06146
   1.75554
   4.89879
   1.39687
   0.14682
   0.64282
   3.07851
   1.17412
   0.11138
   1.06273
   3.13041
   0.44963
   0.55688
   1.49712
   0.35302
   1.04025
  -0.56999
   0.81574
   0.46901
   0.56321
   1.11200
   0.03354
   0.34984
   1.98784
   2.67541
   0.82185
   1.61722
   2.23818
   4.60493
   1.28534
  -0.37324
   0.78096
   2.34349
   1.01934
   1.69723
   1.00671
   0.82301
  -0.43152
   1.77458
   0.58808
   2.74973
   1.76047
   1.76673
   2.64370
   2.30458
   0.95944
  -0.54159
   1.00739
   1.01102
   1.24821
   3.10085
   1.65976
   2.62057
   0.20794
   0.96752
   1.64547
   0.34150
   2.58180
  -0.36919
   1.39036
   2.57744
   2.59000
   1.11583
   0.64923
  -0.50143
   1.37956
   2.18532
   1.63903
   2.81496
   3.05377
   1.70357
   1.15707
   3.01562
   0.58121
   1.67380
   1.51823
  -0.08130
   2.86679
   0.94913
   1.70390
   3.31427
  -0.25802
   2.00213
  -0.06988
   0.62117
   1.11730
   3.92182
   0.47562
  -1.44021
   2.44637
   0.58422
   1.13927
   2.25902
   3.25087
   1.50514
   1.23173
  -0.45679
   1.77958
   1.27379
   1.57930
   1.70949
   1.99732
   2.02717
   2.46471
   1.94046
   2.67375
   1.78646
  -0.85897
   2.10891
   2.29123
   2.31441
   1.08368
   1.01263
   1.68622
   0.83060
   1.19855
   0.35311
   0.21785
   2.24479
   1.01699
   1.55538
   1.45127
   1.05343
   1.70841
   1.04691
   0.03133
   0.55358
   2.74352
   0.59671
   1.48207
  -0.82366
   0.00626
   0.06810
   0.35599
   1.10401
   0.73016
   0.53936
   0.30410
   0.80433
  -0.31329
   0.06598
   1.17910
   1.44048
   2.21071
   2.74513
   2.18173
   1.98521
   2.61222
   0.89762
   2.00243
   1.84195
   0.72396
  -0.23224
   2.47553
   0.44658
   1.21765
   0.89811
   0.26705
   1.87614
   0.19813
   1.32002
   3.12510
   2.57391
   0.67739
   0.16653
   1.15019
   1.17583
   2.85120
   0.49496
   0.62602
   0.71073
   0.50766
   0.99582
   2.33485
  -0.30553
   1.63146
   1.19661
   2.10146
   2.54711
   1.62066
   0.77136
   3.35009
   3.14081
   0.87477
   0.16912
   1.03679
   1.95599
   1.54995
   2.36761
   0.36880
   0.70658
  -0.15111
   1.94000
   1.40666
   0.69903
   1.85775
  -0.47411
   0.01221
   2.50620
  -0.03722
   2.56914
   1.92868
   2.14953
   1.46078
   0.83582
   1.69872
  -0.76471
   1.28437
   1.62524
   2.31259
   3.24655
   0.59069
   2.35756
   1.16589
   1.03071
   2.01755
   2.07148
   3.15294
   1.47636
   0.21431
   2.71623
   0.21167
   1.59683
   1.03251
   1.83152
  -0.05055
   1.63310
  -0.53910
   4.35793
   1.73557
   2.41036
   1.32907
   0.96416
  -0.27384
   1.04860
   1.60884
   0.08676
   4.36425
   1.70857
   0.70514
   1.58427
   1.61714
   0.73618
   0.26663
   3.02484
   1.75352
   1.58141
   3.31486
   1.71508
   3.65059
   2.16344
  -0.94677
   0.63003
   1.40931
   2.17525
   1.60139
   1.01581
   3.38694
   1.94138
   2.69089
   2.74158
   3.66943
   1.68459
   2.22744
   1.01438
   2.39233
   1.67033
   1.45404
   1.49858
   2.99575
   0.95238
   1.91251
   0.08473
   2.16455
   1.31369
   0.95849
   1.50733
   1.84856
   0.97708
   1.51037
   3.29755
   1.18674
   3.01086
   0.03787
   1.55030
   2.03557
   0.92386
   0.66474
   2.08197
   0.54209
   1.27926
   0.96821
   2.10505
  -0.85457
  -0.57331
   0.32031
   1.27978
   0.88633
   1.26663
   2.13368
   1.05383
   0.81535
  -0.33347
   0.49402
   3.34472
  -0.36374
  -0.11038
   0.89940
   1.48964
   0.76274
   0.51039
   0.56416
   0.46406
   3.00741
   1.45679
   1.28722
   0.87327
   1.65632
   0.78656
   0.66437
   1.95032
   1.64690
   3.11006
   1.32115
   1.25449
   1.23126
  -0.09742
   1.71546
   0.96045
   0.52054
   1.69959
   0.72465
   0.67544
   0.53358
   1.95436
   1.20460
   0.83844
   0.76225
   2.93762
   2.27765
   0.51996
   0.70408
  -1.15967
   0.59516
   2.65861
   1.55476
   0.66034
   0.43663
   2.00509
   3.11447
  -0.01583
   1.19255
   0.68581
   0.45021
   1.32655
   6.40627
   1.60712
   2.12956
   0.19074
   1.79866
   1.13167
   0.50549
   0.38485
   2.20752
   0.79933
   2.60832
   3.55640
   3.90443
   4.40817
   1.37644
   1.82097
   1.37464
   2.15987
   1.89225
   1.15238
   0.12097
   0.31488
   1.69028
   1.72751
  -0.07167
   1.71982
   0.86727
   0.95760
   0.92914
   1.41700
   0.60153
   1.76379
   0.37118
   2.19097
   1.54463
   2.62941
   0.24644
   3.55398
  -0.18522
   0.55220
   3.13892
   0.76346
   1.76720
   0.79790
  -0.18322
  -1.21608
   1.87237
   1.43970
   1.28825
   1.58886
   0.23312
   2.37992
   1.22117
   1.37810
   2.19887
   3.18032
   0.87581
   1.17247
   1.35991
   1.73191
   2.67837
   2.31276
   0.24666
   1.91389
   1.60211
   1.16103
   1.34318
   1.07454
   0.74193
   1.61531
   0.34868
   1.90034
  -0.18480
   1.34189
   2.18518
   2.34955
   0.77548
   0.06028
   0.26046
   0.87860
   1.66540
   2.03052
   0.91448
   0.67125
   0.40902
   0.55109
   1.79512
  -0.18464
   2.10989
   1.93806
   0.64770
   2.62124
   1.75077
   2.35628
   1.34497
   1.38800
   0.34591
   3.36253
  -0.49958
   1.89252
   4.74363
  -0.73688
   1.63455
   0.90924
   1.58449
  -0.10523
   2.05962
  -0.74242
   2.83954
   0.82568
   1.23984
   1.12113
   0.35707
   3.33412
   0.36192
   1.11555
   2.61156
   0.41657
   0.44980
   3.46536
   2.22463
   1.31456
   0.72718
   1.65892
   1.27276
   1.08869
   0.96056
   2.53583
   1.37513
   0.80056
   3.12119
  -0.24000
   3.90504
   2.23365
   1.94976
   0.50027
   1.05455
   2.29037
   2.76212
   0.03479
   0.43500
   2.43395
   0.35521
   1.12991
   2.67875
   1.19287
   2.00932
  -0.16185
   1.29060
   0.97376
   1.27636
   1.07092
   2.25195
   1.35100
   2.00161
   0.62834
   1.28471
   2.37676
   1.39242
   0.29156
  -0.35677
   0.42209
   4.55145
   1.48052
   2.46249
   0.18498
   1.04359
   1.58490
   0.78372
   1.06381
   1.54644
  -0.17142
   1.18999
   2.20642
   0.85324
   2.93916
   0.86783
   1.34535
   1.86115
   1.39301
   1.84340
   1.70384
   0.57321
   1.49003
   1.57956
   0.39693
   1.32463
   1.11026
   3.13285
   0.91959
   0.61592
   2.90281
   1.33308
   0.96790
   0.45584
   2.37663
   1.64337
   1.39795
   2.03913
   1.54963
   1.30807
   1.58521
   3.51240
   2.08214
   0.93612
   1.22315
   0.60904
   3.11787
   0.56343
  -0.56026
   2.48544
   0.99148
   2.88087
   1.26548
  -0.35121
   2.02821
   2.30647
   2.67396
   0.84995
   0.69523
   1.26529
   0.64675
   0.74668
   0.74202
   0.84849
   1.05840
   1.85856
   0.14791
   2.49489
  -0.01695
   5.39574
   1.83610
   1.58261
   2.10298
   1.22600
   1.29782
   0.76854
   0.53370
   2.10163
   1.27369
   2.03397
  -0.01802
   2.73738
   1.26491
   2.34509
   2.62776
   0.81918
   2.13390
   0.35755
  -0.49405
   1.39703
   1.35180
  -0.56332
   2.58674
   1.45909
   0.52953
   0.97295
   0.12460
   2.85233
   1.11744
   0.48071
   0.95533
   2.05306
   0.50589
   0.91274
   2.28974
  -0.04223
   4.05765
   1.67445
   1.46098
   1.10881
   0.34226
   3.13259
   3.85383
  -0.06291
   0.19942
   0.92155
   1.14416
   1.52112
   0.91290
   3.68092
   3.14865
   1.57368
   1.59228
   1.15324
   0.53100
   1.49271
   1.62303
   1.12570
   1.08794
   0.19107
   1.03628
   0.71773
   4.00152
   1.64627
   0.33150
   0.36426
   1.27476
   1.51504
   1.02629
   1.28136
   0.93058
  -0.51461
   2.13002
   1.03195
   1.30962
   1.10372
   0.76598
   0.77656
   2.21372
   1.21912
   2.84222
   1.47828
   1.79069
   1.63036
   0.59421
   0.88141
   0.58198
   2.97900
   1.78595
   3.40847
   3.50046
   0.66911
   2.10883
   1.88076
   2.56001
   0.42254
   1.77509
   0.65884
   0.04101
   0.82445
   0.90851
   4.49060
   3.70764
   2.22473
   3.65576
   0.84022
   1.40421
   1.38359
   1.46807
   2.58127
   2.04989
   1.29733
  -0.06324
   0.45026
   1.55861
   1.80487
   4.23497
  -0.12360
   0.70770
   0.81694
   0.00965
   0.60642
   2.20954
   0.97637
   1.88816
   0.66984
   1.85998
   2.39939
   1.33282
  -0.53136
   2.07515
   2.24570
   0.78742
   0.29656
   1.23550
   0.52088
   1.39812
   2.54806
   1.37422
  -0.40160
   1.95817
   1.32898
  -0.05505
  -0.55441
   1.32062
   0.95775
   2.98928
   0.91366
   2.38715
   2.07741
   1.57096
   1.16009
   0.13972
  -0.74276
   0.41132
  -0.65902
   0.79800
   0.08522
   0.45481
   1.06047
   0.49279
   0.40855
   1.80414
   2.32966
   0.57053
   0.64096
   0.70081
   1.55392
  -0.12710
   2.82324
   1.72473
   1.29308
   3.01748
   0.23079
   1.18269
   0.69211
   0.65616
   1.50692
   4.29525
   1.19740
   2.65647
   0.30398
   1.94947
   0.66132
  -0.02671
   0.60358
   1.68738
   2.98577
   1.16807
   2.04721
   1.88842
   3.33303
   0.76445
   2.34271
   0.66820
   0.37098
   2.39945
   1.78747
   2.25393
   1.64213
   2.04436
   0.97007
   1.05762
   1.70329
   1.56202
   1.69065
   1.87393
  -0.00807
   1.28815
   0.22718
   0.67577
   0.93487
   0.15438
   1.50699
   0.45599
  -0.38692
   1.77284
   1.71376
   3.03394
   3.12335
   1.79154
   0.55570
   0.38889
   0.47216
  -1.32110
   0.95849
   2.14358
   0.39270
   1.77150
   1.63440
   1.18212
   0.70564
   2.15563
  -0.06795
   2.11893
   0.74727
   1.65397
  -0.32785
   0.17277
   2.00581
   0.65418
   0.35545
   1.30479
   2.74253
  -0.19498
   2.64460
   0.06579
   2.32673
   2.02060
   1.76562
   1.63903
   1.70364
   0.79826
   0.63391
   2.14719
   1.91622
   0.94131
   0.31232
   1.73418
   1.52362
   0.81156
   0.63714
   1.99982
   2.80173
   0.78342
   3.01267
   1.90922
   1.76935
   0.60060
   0.47474
   1.36249
   0.21085
  -0.42904
   1.01429
   0.04946
   1.84022
   1.14941
   2.05709
   1.22676
   1.55017
   0.64654
   2.20124
   0.49111
   3.40913
   1.77999
   1.19439
   0.51725
   1.45465
   1.54185
  -0.81403
  -0.51979
   1.62283
   2.27667
   1.04524
   0.05043
   0.46398
   0.31855
   0.23112
   2.37059
   1.65001
   0.17762
   0.58561
   1.30875
   0.48270
   3.65153
   1.41758
  -0.21236
   0.04891
   1.22087
   1.60748
   1.29172
   1.63846
   0.69486
   1.15623
   0.89515
  -0.28507
   0.36665
   0.93086
   0.92935
   1.19102
   1.85113
   1.46855
   0.89719
   1.71097
   1.07489
   0.13279
   1.01705
   0.65495
   1.12494
   0.54081
   1.29518
   3.41806
   0.94388
   2.42211
  -0.38824
   1.11667
   1.55465
   1.62323
   2.67608
   2.36116
   2.59384
   0.43138
   2.41044
   2.32901
   1.82038
   1.75420
   2.13530
   2.25321
   1.75778
   1.67931
   2.16135
   1.18686
   1.55383
  -0.32464
  -0.35386
   1.88696
   1.93758
   2.99257
   2.72834
   1.19048
   1.05852
   1.94538
   2.41201
   2.05017
   1.05294
   0.06491
   1.06456
   0.44160
   0.77834
   1.26073
   0.28996
   1.76925
   1.03828
   0.91497
   1.54983
   1.87438
   1.50051
  -0.24622
   0.43366
   2.34367
   1.41351
   1.21852
   2.40557
   5.15879
   1.39043
   1.12991
   1.88386
   1.11815
   0.37212
   0.37637
   2.21690
   1.53340
   1.42303
   0.28317
   0.27170
   2.29853
  -0.24104
   0.32590
   3.76931
   0.95616
   1.26150
  -1.18171
   0.31206
   0.96839
   2.53244
   2.60889
   3.85216
  -1.05714
   0.80374
   1.50041
   2.62609
   2.12440
   2.04423
  -0.90492
   2.13316
   1.65239
   1.15913
   0.20307
   0.85633
   3.48482
   3.36249
   0.55673
   0.51160
   4.01774
   1.28123
   0.91376
   1.35377
   1.36960
   3.01051
   0.10171
   1.51742
   0.87679
   0.98377
   1.51966
   1.70647
   1.44880
   2.51747
   1.57221
   0.40907
   0.90148
   0.17773
   1.22970
   0.61422
   0.67628
   2.29927
   2.99232
  -0.14360
   1.57043
   2.57566
  -0.22573
   1.18759
   2.95034
   1.19532
   1.41623
   1.02002
   1.84615
   2.36003
   0.11855
   1.51065
   2.93952
   1.54330
   1.76106
   2.65635
   1.73544
   1.35584
   1.96767
   2.51668
   1.37174
   1.48637
   1.29658
  -0.12522
   1.00592
   0.61768
   1.06841
   2.62497
  -0.06951
   0.29704
   0.85504
   2.52474
   2.42322
   1.32611
   0.90389
   2.51902
   0.89688
   0.38998
   0.50161
   0.80156
   2.14856
   2.17028
   0.92317
   1.29704
   0.73986
   2.64769
   0.56547
   0.48904
   1.04877
   3.46620
   2.38779
   1.90542
   0.88943
   0.88931
   1.47356
   0.98781
   1.13905
  -0.55565
   2.27030
   2.38492
   0.75382
  -0.65585
   2.08667
   1.27087
   1.51009
   1.78964
   0.85941
  -0.32686
   0.27086
   1.35717
   2.19673
   1.16461
   2.64008
   1.81452
   0.77223
  -0.60712
  -0.67219
   2.11709
   0.30413
   1.55704
   2.71127
  -0.44646
   1.57738
   1.80535
   0.80143
   1.15311
   3.48514
   0.47850
   1.45300
   2.18251
   0.84725
   1.24323
   1.30788
   0.64907
   1.89312
   3.48937
   1.93417
   0.98220
   0.88384
   2.26056
   1.78875
   0.40786
   1.73947
   3.70134
   1.27633
   1.26434
   1.60658
   2.43061
   1.44960
   0.75378
   1.85510
   1.19675
   2.62296
   1.47976
   1.31252
   2.01899
   1.23595
   0.95475
   1.20986
   2.23964
   2.13957
   1.07965
   1.62006
   2.11685
  -1.13080
   0.01687
   2.42980
   1.46619
   2.31380
   1.91862
  -0.42077
   1.70683
   1.26792
   1.30146
   1.71905
   1.93711
   1.65362
   0.00433
   1.56643
   2.08267
   1.40019
   3.81165
   1.77555
   2.04280
   0.79330
   1.20268
   1.50047
   1.25423
   0.68713
   1.45161
   0.06897
   1.66515
   1.37717
   0.45493
   1.78909
   1.10816
   1.52138
  -0.15194
   1.94022
   3.13500
   0.64427
   1.72779
   0.88248
  -0.02219
   1.99188
   0.32674
  -0.59983
   1.92445
   2.00358
   0.15289
   0.91273
   1.49090
   3.45717
   0.44330
   2.16069
   1.56762
   1.31604
   1.59321
   0.91345
   7.15345
   1.14760
  -0.25517
   0.26503
   0.42558
   0.43260
   0.84852
   1.42817
   0.47765
   1.44528
  -0.01934
   3.16311
   1.54653
   0.38450
   1.74748
   2.31814
   2.18810
   0.49063
   1.24966
   1.47965
   0.52779
   4.95356
   0.06104
   1.55762
   0.54298
   0.29442
  -0.22563
   2.48643
   6.78285
   4.18786
   1.82430
   1.02523
   3.00357
   0.62693
   0.85035
  -0.23801
   1.73962
   1.14979
   1.84849
   3.00298
   3.01030
   1.48522
   1.45799
   2.20179
   2.19185
   1.48726
   2.12769
   2.08590
   1.15647
   1.30968
   0.47542
   0.31894
   1.58540
   0.89443
   0.05308
   2.59095
   1.85294
   1.59665
   0.58396
   2.24350
   0.08791
   1.61221
   2.42188
   2.51810
   3.09170
   0.60935
   0.74848
   0.96591
   1.80656
   0.52476
   1.82808
   0.42439
   0.02143
   0.94809
   1.52215
   3.25186
   0.59398
   0.67218
   1.26864
   2.02171
   0.34221
   0.11830
   1.16029
   0.34865
   3.64281
   1.34326
   2.07160
   2.00647
   1.00403
   2.20698
   1.19778
   1.26297
   1.23703
   0.25759
   1.19976
   2.13358
   0.88677
   0.36783
   0.99673
   0.71935
   0.48776
   5.25895
   1.30726
   0.05333
   0.86373
   0.75027
  -0.11261
   0.42027
   0.73147
   1.59064
   1.26893
   0.14263
   0.93378
   0.59842
   1.61115
   1.94057
   1.09901
   1.96886
   3.77790
   1.90983
   1.72330
   0.79805
   0.33159
   0.99896
   1.50972
  -0.52637
   1.46156
   0.21513
   3.47908
   0.56254
   0.25692
   1.30071
   1.87134
   1.09822
   1.00232
   2.77359
  -0.17411
   3.83692
   1.49116
   1.31220
   0.50484
   1.36306
   1.80830
   1.52594
   0.85014
   0.90467
   1.57418
   1.21792
   3.03259
  -0.29699
   2.65342
   0.21497
   1.42596
   1.67552
   1.80976
   1.94969
   1.46358
   1.27039
   0.53292
   1.39162
   1.61655
   2.54636
   1.61153
   0.26378
   2.12199
   1.57519
   2.49300
   0.79040
   1.74081
  -0.11056
   1.91323
   1.60742
   0.31511
   0.29359
   1.81966
   0.69234
  -0.32943
   1.26540
   0.11293
   1.24842
   0.76101
   0.98003
   0.94806
   2.66882
   1.65793
  -0.65239
   1.88743
   3.86082
   1.76697
  -0.81593
   2.44917
   0.94668
   1.60742
   1.25567
   2.78109
  -0.26247
  -0.90208
   0.46107
   3.20095
  -0.09268
   1.68840
  -0.35593
   2.86846
   0.27960
   1.10910
   2.27034
   1.23831
  -0.02486
   1.65949
   1.79354
   1.80338
   1.28785
   0.76433
   3.15960
   1.18509
   1.26263
  -0.27482
   2.01165
   1.70883
   0.94953
   1.67702
   0.44099
   0.55274
   6.46582
   1.53511
   3.16872
   0.84635
   1.14205
   2.50179
   1.57293
   0.78017
   1.29996
   0.39081
   1.43792
   3.86080
   0.08290
   0.46041
   1.31863
   1.52407
   0.92578
   0.04247
   0.54578
   1.74803
   0.51320
   3.01593
   2.54455
   1.71686
   1.73906
   0.85072
   1.22299
   1.83999
   1.20534
  -0.57782
   1.32066
   1.01147
   2.03264
   0.80776
   0.97977
   2.61610
   0.69443
   3.53583
   1.35713
   1.85526
   0.15482
   1.09814
   1.42348
   1.50623
   3.44787
   1.04158
   2.08096
   1.08762
   3.19967
   3.09084
   2.03748
   1.55827
  -0.62581
   0.90567
   1.60218
   3.65033
  -0.33690
   0.84360
   0.13851
   1.98080
   1.60975
   1.07510
   1.36122
  -0.60743
   1.99174
   0.18428
   1.12919
   0.23078
   0.08097
   1.87496
   1.28113
   2.15426
   2.09351
   0.99896
   0.87396
   0.05735
   1.11996
   1.49719
   1.35775
   1.37977
   1.55432
   0.40992
   0.57383
   0.70396
   1.94861
  -0.50668
  -0.60065
   1.44216
   2.31805
   1.15716
   1.73835
   2.83965
   0.44115
   1.84844
   1.11141
   0.63654
   2.14400
  -0.17826
   0.44216
   2.87858
   0.11388
   1.01920
  -1.23338
   0.62469
   1.76154
   0.19369
   0.44852
   2.17620
   1.62192
   2.88653
   0.18199
  -0.02664
   0.36380
   1.25093
   1.37283
   2.34230
   1.08208
   3.04296
   4.44264
   1.01971
   2.32922
   2.49569
   2.05970
   1.07019
   1.02907
   0.73823
   1.40248
   2.15194
  -0.37976
   1.92093
   1.60279
   0.93389
   0.94297
   0.50558
   1.39375
   1.05950
   1.15276
   2.33153
  -0.16761
   0.92119
   1.43033
   1.28651
   1.17285
   1.97671
   0.71203
   1.45885
   1.36227
   2.62926
  -0.09585
   1.75766
   2.96420
   1.45534
   1.64260
  -0.33829
   0.97845
   0.92203
   2.07937
   0.28158
  -0.03067
   1.52292
   0.71494
   2.49878
   0.20699
   0.77808
   1.98053
  -1.27639
   1.55559
   0.92593
   1.01009
   1.43060
   1.84337
   0.58110
  -0.96305
   0.40164
   2.16177
  -0.23460
   0.66223
   0.02128
   0.97866
   1.82885
   1.38116
   0.58299
   1.83552
   1.40053
   0.43431
   0.87291
   2.48344
   4.18185
   1.83344
   3.43285
   0.93442
   2.91163
   0.64824
   2.46803
   0.35080
   0.13973
   1.12661
  -0.04793
   0.05990
   0.86441
   0.04623
   1.92500
   1.27391
   1.22652
   1.60773
   0.14584
   1.84004
   2.35036
   0.58706
   1.28455
   0.65279
   2.08049
   0.69603
   2.54037
   1.44832
   1.37078
   1.59008
   1.72995
   1.35987
   1.40416
   1.23542
  -0.06916
   1.12926
   0.25606
   2.83016
   0.79368
   0.86339
   0.37673
   0.54443
   2.98668
   2.24430
   4.15828
   2.42935
   1.08808
   0.82553
   1.59248
   2.61070
  -0.81786
   0.66220
   2.64294
   2.41251
   1.81927
   1.98633
   2.76985
   1.32210
   0.88644
   1.31024
   0.21770
   1.04256
   3.13904
   1.58148
   0.25839
  -0.65378
   4.43269
   3.05539
   1.23646
   0.51441
   1.36059
   0.95735
   0.47824
   0.16557
   2.31083
   5.04185
   2.43070
   0.04724
   2.45654
   3.03308
  -0.64513
   0.42871
   0.89868
   1.66777
   2.46051
   1.53432
   1.45253
   2.15921
   0.99720
   0.62639
   1.53273
   0.77420
   2.63150
   1.48957
   2.71166
   1.87147
   2.34355
   0.53465
   2.03842
   1.71116
   1.75876
   0.39247
   0.60176
   1.23294
   1.67679
   1.19495
   0.86961
   0.67245
   0.59079
   1.23281
   1.55882
   0.40190
   0.48811
   0.59625
   1.82409
   2.78610
   1.70295
   0.00273
   2.41127
   2.33752
   2.32815
   1.42491
   1.51665
   1.19100
   1.59709
   0.54102
   0.43643
   1.80408
   0.91358
   1.92748
   0.79737
   1.62025
   0.65822
   1.90961
   3.27825
   1.51867
   3.60963
   5.64776
   1.31886
   0.55170
   0.87301
   0.32764
   0.32879
   0.64332
   2.96559
   1.36535
   0.55602
   1.11500
  -0.42780
   1.07473
   2.15986
   1.34568
   2.39221
   2.76621
   0.95793
   1.31136
   0.96351
   2.22517
   1.52909
  -0.36144
  -0.07895
   3.81702
   1.72035
   2.16106
   0.42467
   1.26884
   1.32492
   1.13436
   1.65805
   2.30646
   2.22685
   5.49855
  -0.98905
   1.68873
   0.60820
   0.25966
   2.90088
   2.35515
   1.41788
   1.51146
   1.87194
   1.93866
   2.24985
   3.29761
   0.37042
   1.23854
   0.59992
   1.42884
   0.87260
   2.29790
   1.36995
   0.64955
   0.77290
   2.62257
   2.71910
   2.07412
   0.88705
   2.05768
   0.53580
   0.97446
   0.61368
   0.38339
   3.22373
   2.25373
   2.21546
   1.96666
   2.88566
   2.09843
   0.87461
   0.91688
   1.98616
   0.99658
   1.73038
   1.52366
   0.68666
   2.02552
   2.59314
   4.72266
   0.53467
   1.51192
   0.08827
   1.47458
   3.92799
  -0.02521
   1.12131
   1.23239
   0.96286
   1.91801
   1.33571
  -1.12790
   0.92409
   2.10078
   1.79297
   1.86577
   0.79808
   2.49014
   1.84622
   0.27930
   0.51653
   0.75100
   1.81801
   2.11643
   2.33341
   1.29844
   0.91718
   0.13192
   1.83438
   0.49350
   1.67857
   0.29036
   0.85124
   0.64709
   0.11252
   2.24326
   0.53178
   1.74870
  -1.28015
   0.33269
   1.19790
   1.38979
   1.35715
   1.20835
   0.94800
   0.77880
   2.61076
   1.52707
   0.63424
   2.10643
   0.60891
   0.99822
   2.23289
   0.92105
   1.01769
  -0.02098
   4.31086
   4.24432
   1.47980
   1.44820
   1.40436
   2.12416
   1.20821
   1.14434
   2.14952
   0.55044
   0.20410
   3.34263
   2.43058
   0.70711
   2.88519
   2.23828
   3.49569
   1.22879
   3.66927
  -0.57033
   3.51858
   1.61640
   1.65183
   3.10046
   1.07007
   0.06098
  -0.35103
   1.02433
   1.72743
   1.97895
   0.92855
   2.30217
  -0.08952
   0.94125
   1.11249
   0.34363
   1.31946
   1.62585
   0.97856
   1.18489
   0.38167
   1.82952
   0.73277
   0.53493
   2.70575
   1.13949
   1.20122
   0.60358
   0.03860
   2.33245
   0.93406
   3.07096
   1.98939
   1.67338
   1.52735
   0.35159
   0.71221
   4.98681
  -0.21698
   1.64879
   2.00877
   2.00710
   1.24367
   2.48393
   1.69766
   2.16435
   1.71369
   1.86333
   2.02116
   1.89138
   0.63163
   1.93320
   1.88911
   1.25285
   1.71671
   1.67663
   2.48667
  -0.37730
   1.91556
   1.63947
   2.89229
   1.36935
  -0.13608
   0.94103
   0.35952
   1.36030
   0.94614
   4.45384
  -0.67500
   1.63034
  -0.34218
   0.49848
   1.23823
   1.49580
   0.97786
   1.00364
  -0.74229
   0.18957
   1.20778
   2.04174
   1.38669
   1.97602
   1.52376
   3.23489
  -0.20030
   0.19518
   2.08746
   0.50204
   5.34196
   0.80548
   0.72996
   1.66765
   1.91691
   0.88441
   2.35809
   1.49879
   0.95267
   1.03606
  -1.34369
   1.49977
   3.32015
   1.72705
   2.27069
   0.90500
   1.30244
   1.48627
   1.60046
   1.02468
   0.13855
   0.23244
   1.40933
   0.95100
   3.67475
   0.36142
   0.33168
   0.12265
   1.98154
   1.09503
   0.97264
   1.32980
   1.78445
   0.57077
   1.02586
   2.56672
   2.14541
   0.10695
   1.54685
   0.25084
   0.11329
   1.69866
   2.51874
   1.49165
   0.88883
   1.39630
   1.74322
   2.02493
  -0.65954
   1.52729
  -0.03146
   2.01307
   1.23729
  -0.05969
  -0.33578
  -0.17122
   0.93081
   2.32022
   2.21881
   2.22510
   2.38999
   0.71719
   1.34496
   0.11546
   0.71709
   2.42717
   1.11358
   1.00809
   1.50196
   1.01614
   0.43301
   0.58915
   1.28625
   0.19082
   1.12717
   1.12874
   1.43334
   1.31739
  -0.20909
   0.16347
   2.49933
   0.45001
   0.72373
   2.55549
   0.69414
   0.05571
   2.09100
   0.66212
   1.04582
   1.17598
  -0.23188
   2.07435
   1.43584
   0.93818
  -0.10261
   1.29581
   3.24057
   0.60007
   1.30713
   0.35773
   2.05331
  -0.56582
   2.53112
   2.63747
   0.25653
   0.67426
   1.48422
   0.69432
   0.68612
   1.90773
  -0.03119
   0.67080
   1.01996
  -0.50385
  -0.16716
   1.26999
   1.65212
   1.53896
   2.97747
   0.53432
   0.87555
   0.26117
   0.67600
   0.36443
  -1.24083
   3.57490
   2.16975
   2.78336
   2.14329
   1.79731
   1.22196
   1.58267
   1.54567
   4.05998
   1.71012
  -0.32923
   1.99851
   2.38440
   0.81546
   1.89216
   1.45214
   1.51303
   1.58418
   2.40043
   0.15818
   1.95565
   0.80544
   0.41676
   1.14327
   1.99993
   2.43385
   1.77296
   1.07725
   1.08537
   0.27647
   2.10460
   1.64694
   2.97512
   3.74858
   1.25937
   3.58167
   2.32251
   1.72666
   0.78928
   0.48638
   6.66404
   0.76049
   1.14943
   2.05609
   0.51231
   0.03457
   0.89721
   1.10785
   0.25124
   1.95881
   1.07100
   1.53372
   1.89474
   2.15553
   1.01415
   2.52743
   0.94861
  -0.62122
   1.10962
   1.42831
   2.29259
   0.82003
   1.21327
   3.61673
   0.51086
   0.39086
   1.36113
   0.48627
   2.56950
   0.42541
   0.04176
   0.45830
   0.74556
   1.25102
   1.41081
   0.92999
   1.12359
   0.78148
   0.97821
   0.96218
   1.00176
   1.90799
   0.09298
   1.78448
   1.17511
   1.12116
   3.29931
   1.33585
  -0.89343
  -0.14017
   1.13134
   1.95856
   1.53528
   1.33112
  -0.11615
   0.66064
  -0.20540
   7.53392
   0.17463
   1.59728
   1.12337
  -0.12904
   1.48464
   0.28087
   0.67240
   1.08494
   2.51210
   1.29909
   0.75281
   1.44379
   1.71295
   1.02567
  -0.00387
   0.01949
   1.51634
   1.86243
   1.98648
   0.53470
   1.97303
   2.22858
   0.16129
   0.21821
   1.05249
   0.31321
   1.44537
   1.58348
   1.49419
   1.12973
   1.37564
   1.29399
   1.43619
   1.39687
   0.16905
   0.92637
  -0.38090
   1.08037
   0.01836
   5.28571
   0.88746
   0.09411
   1.33182
  -0.58682
   0.53539
  -0.00601
   0.27618
   2.92761
   0.97996
   2.55964
   4.48233
   0.98975
   1.68373
   1.94751
   3.10062
   1.31875
   0.51859
   3.98234
   0.78811
  -0.02713
   1.32715
   1.29070
  -0.19369
   0.91986
   2.12059
   1.81662
   1.20496
   0.52748
   1.66527
   1.02063
   1.15434
   2.63469
   0.80968
   0.76679
  -0.04755
   0.35594
   1.74848
   2.32141
   1.25573
   0.27695
   1.86488
  -0.31223
  -0.35667
   2.02546
   0.77860
   1.97345
   2.53355
   0.99957
   0.61282
   2.00622
   1.85187
   2.35256
   1.16595
   0.89640
   2.95108
  -0.70984
   3.11802
   1.02719
   2.17675
   0.72070
   1.12368
   0.98372
   0.95068
   1.72142
   0.86722
   1.06193
   1.28869
   1.27853
   0.22735
   1.48572
   0.87726
  -0.83583
   3.01281
   3.06581
   1.42880
   1.67284
   3.10974
   3.33220
   1.27031
   0.92442
   1.16596
   0.90955
  -1.24466
   1.11900
   2.56849
   0.30673
   1.68466
   1.59890
   1.91804
   0.97597
   0.78618
   2.10887
   0.21272
   0.61649
   0.50123
  -1.16319
   2.07677
   4.55982
   1.58942
   2.94102
   0.97031
   1.79940
   2.38937
   2.04765
   1.94861
   2.29968
   0.77135
   0.99168
   0.66117
   0.30917
   2.50153
  -0.27331
   1.20628
  -0.71927
  -0.15112
   0.30642
   0.86456
   2.36327
   0.75286
  -0.14224
  -0.16969
   4.74529
   2.55268
   0.88560
  -0.30743
  -0.66799
   1.15516
   1.60104
   2.31636
   1.36906
   0.56979
  -0.41860
   3.58279
   0.86609
   1.70454
   1.26443
   0.49978
   0.34093
   2.34465
   0.62610
   0.84186
   0.15738
   2.90097
   2.47511
   0.10631
   1.33853
   1.83346
   1.55124
   1.48480
   0.37181
   1.05916
   2.70635
   1.38985
   2.45202
  -0.38901
   1.41204
   1.81611
   0.34574
   1.63049
  -0.98222
   1.82670
   2.05486
   3.39269
   1.24139
   0.59458
   0.15359
   1.90478
   2.41581
   2.30196
   0.95768
   0.74345
   1.65181
   1.70122
   0.46120
   1.43773
   1.01043
   2.74288
   2.23758
  -0.45787
   2.27652
   2.67218
   1.54109
   1.36649
   1.24162
   0.83066
   0.79093
   0.44361
   1.23010
  -0.57823
   0.85364
   0.62752
   0.18778
   0.25477
   0.41738
   0.72838
   1.86332
   2.29881
   0.86768
   1.95294
   2.46416
  -0.05215
   1.08512
   1.34496
   1.97109
   1.35911
   2.46262
   1.23187
   1.24097
   1.23560
   0.86360
   1.26575
  -0.75381
   1.64639
   1.23164
   0.83682
   2.46052
   1.33096
   2.73162
   0.82358
   0.53114
  -0.85492
   0.60493
   1.30651
   1.37048
   2.05869
   1.72575
   1.03951
   1.56383
   0.75700
   0.26866
   2.45082
   1.19968
  -0.56823
   3.63538
   1.18628
   0.13085
   1.00729
   1.36022
   1.64655
   2.07069
   2.05448
   0.82459
  -0.56664
  -0.68444
   0.55322
   1.20984
   0.15692
   0.63747
   2.70690
   0.76845
   2.13287
   0.66927
   2.08963
   1.27495
   0.17409
   3.08340
   2.75669
   1.09345
   4.77612
   1.04779
   1.52629
   1.91302
  -0.14091
   0.29823
   0.39768
   0.76642
   0.37878
   0.04255
   1.02636
   0.65146
   1.98035
   0.16186
   2.32150
   1.32725
   1.76745
   0.21359
   2.63507
   2.67243
   1.33265
   3.44099
   2.15888
   0.92655
   1.38230
   0.38373
   0.66419
   1.26352
   1.86171
   3.03023
   2.31787
   0.54589
   1.19896
   1.55781
   0.99137
   2.00783
   1.23510
   1.25555
   1.99668
  -0.71354
   3.32201
   1.62266
   0.70691
   0.49639
   2.44176
  -0.11837
   1.87616
   1.80502
   2.71331
   1.96954
   1.00090
   3.24095
   2.96409
   2.83939
   2.14653
   0.93457
   1.06750
   1.73070
   2.56574
   2.16053
   1.92280
   1.26683
   0.62512
   0.99566
   1.24079
   0.92795
   1.98791
   1.23978
   0.88052
   0.19738
   2.14273
   0.80956
   1.04979
   1.76855
   2.10750
   0.92702
   1.98596
   0.19220
  -1.03679
   3.23717
   1.57350
   3.07451
   1.52307
   0.93754
   1.56799
   2.72851
   1.06086
   1.07377
   0.74273
   0.60120
   0.34753
   1.42356
   3.13621
   2.38426
   1.70455
   2.91944
   0.62645
   1.75421
   2.54307
   1.05022
   0.82887
   1.93152
   0.69159
   1.00985
   2.12319
   1.10090
  -1.03870
   2.16595
   3.14808
   1.62856
   1.77135
   2.99508
   1.17922
   0.42436
   0.64806
   2.48760
   0.83323
   2.13587
   1.40077
   2.66655
   1.00295
   0.34120
   0.58448
   1.80512
   2.83834
   1.21859
   0.82073
   2.93898
   0.82767
   1.70788
   2.01108
   2.96944
   1.68117
   0.97476
   2.29961
   0.39766
   2.53611
   1.57755
   2.50307
  -0.09705
   1.16534
   2.44691
   1.27152
   0.88044
   0.19996
   0.21153
   1.78902
   0.77433
   0.48426
   0.11954
   0.50503
   0.23532
   1.12023
   2.03632
   0.35431
   1.44343
   0.45316
   1.15762
   0.98907
   1.92839
   1.27193
   0.55826
   1.80885
   1.58577
   1.45391
   1.63823
   1.94668
   3.23851
   1.10400
   0.36158
   2.39714
   0.06324
   0.06780
   1.00209
   1.44062
   1.65073
   1.48974
   1.90404
   2.26406
   2.17479
   2.96106
   0.03049
  -0.86822
   2.18285
   1.94590
   1.31478
   1.92243
   1.18244
   1.21362
   2.10654
   1.61844
   1.24250
   2.88387
  -0.19625
   2.06493
   1.16555
   1.84739
   3.82844
   2.31930
   2.97951
   1.69341
   2.80344
  -0.78910
   0.20153
   0.85273
   1.15665
   0.53712
   1.71319
   0.49744
   1.24516
   2.56502
   2.63340
   2.49091
   0.90883
   0.72290
   1.56431
  -0.22595
   1.35091
   1.84070
   1.05904
   0.27724
   1.04899
  -0.92748
   0.41337
   0.50604
   1.68827
   1.86067
   0.98802
   1.39501
   2.14744
  -0.09184
   0.81904
   1.26003
   0.09661
   1.96424
   2.39571
   2.51481
   2.06949
   1.37838
   0.40661
   2.59743
   3.18444
   0.71550
   3.72628
   0.80776
   1.93836
   0.47089
  -0.32003
   0.57318
   0.90986
   1.30280
   2.81709
   0.70618
   1.88449
   2.60814
   1.23193
   2.75313
   0.75429
   0.47392
   1.52611
  -0.66841
   1.08125
   2.70038
   0.44464
   1.46160
   0.92545
   2.50304
   0.78767
   1.14149
   0.32551
   1.64356
   1.03908
   2.30845
   0.91593
   2.48978
   1.51250
   2.83266
   2.28473
   1.52940
   0.80811
   1.98271
   0.46429
   1.79692
   2.12275
   0.62433
   1.46884
   0.84047
   0.48592
   2.10035
   1.80651
   0.39040
   0.97986
   2.80735
   1.91578
   2.06164
   1.32250
   2.63000
   2.84308
   1.51942
   0.87924
   0.93478
   0.57898
   1.84677
   1.32067
   1.41823
   0.14354
   1.64345
   0.97773
   2.16558
   1.75669
   1.70031
   0.34895
   1.10034
   0.75147
   3.94376
   0.68157
   0.84271
   0.77226
   0.41191
   0.64098
   0.57743
  -0.20537
  -0.44418
  -0.48914
   0.34421
   1.77235
   1.93001
   0.87278
   1.98605
   0.98193
   2.30556
   1.14620
   0.05261
   1.31443
   2.09341
   0.80059
   0.88101
   2.23231
   2.01735
   1.77349
   0.57610
   2.85406
   1.80770
   1.11158
   1.91532
   0.67236
   0.67941
   0.79212
   1.56333
   0.01154
   1.05907
   2.51494
   1.37267
   0.11659
   1.53993
   1.49004
   0.82933
   2.32982
   2.50840
   3.53451
   1.95401
   1.96812
   1.95620
   0.36237
   2.44806
   1.10798
   0.61432
   2.05423
   2.71363
   1.39534
   1.02777
   1.52293
   1.86570
   0.91424
   2.63110
   1.93756
   2.41876
   1.10924
   0.30878
   0.91142
   1.87065
   0.95558
   1.12387
   2.81736
   1.37523
  -0.14570
   1.67023
   1.91734
   0.43832
   1.73583
   1.66818
   2.15165
   2.27813
   2.11295
   3.05434
   1.82952
   1.18817
   0.91082
   1.38642
   1.84097
   0.19830
   0.10089
   1.41607
   2.17645
   1.87612
   1.27791
   2.64434
   1.37387
   2.63254
   0.61117
   2.38046
   0.36236
   3.18757
   2.63384
   0.57714
   0.58401
   0.87914
   1.60962
   1.02598
   1.53056
   2.61895
   1.83395
   2.45775
   1.54479
   0.56101
   1.54778
   0.89767
   1.28343
   0.18060
   2.00851
   1.44703
   1.35464
   0.81551
   1.75156
   2.19554
   0.56076
   1.46627
   3.55684
   0.99476
   0.47880
   1.40637
   1.75595
   2.13213
   2.08608
   3.12947
   2.41958
   0.95661
  -0.65163
   1.35163
   1.32055
  -0.84006
   0.16224
   2.23523
   1.80787
   3.79688
   1.12249
   2.72817
   1.87378
   0.17045
   1.12275
   2.37424
   0.58169
   1.85812
   1.37799
   0.91179
   0.74231
   2.52874
   0.31574
   1.53817
   2.35321
   0.93416
   0.93737
   2.68330
  -0.74257
   1.51065
   0.72988
   3.49731
   1.53831
   1.30367
   1.73385
   1.06339
   1.89159
   0.98842
   0.71936
   1.97038
   0.81203
  -0.52046
   2.11758
   0.91108
  -0.93266
   0.25114
   1.38825
   0.98475
   4.88583
   1.67453
  -0.47062
   1.34652
   2.66823
   2.23214
   0.77861
   0.56415
   0.95908
   0.95636
   1.47927
   0.04181
   1.90451
  -0.28207
   0.03947
   0.83896
   1.06602
   1.38967
   0.57927
   1.77414
  -0.06931
   0.52246
   2.27818
   2.57392
   1.45198
   0.92860
   1.90584
   0.71165
   1.57351
   2.06891
   2.77035
   0.29733
   1.34940
   2.01841
   0.67743
   1.58102
   2.27901
   2.55543
   0.61788
   1.75980
   1.38858
   2.28259
   1.47824
   1.30361
   0.91010
   1.30996
   2.45230
   0.36826
   0.51046
   2.13129
   0.63880
   1.60036
   0.47856
   1.45992
   1.69285
   0.04139
   2.31297
   1.22385
   2.05544
   1.38587
   2.18994
   1.19041
   2.39640
   1.98044
  -0.65027
   2.09460
   1.05395
   1.20052
   0.42342
   1.21143
   3.84135
  -0.18623
   1.08419
   1.02690
   1.46580
   2.37359
  -0.09497
   0.29435
   1.10459
   1.24380
  -1.20624
   0.61447
   0.62904
   2.53102
   0.75805
   0.85990
   1.65887
   1.90377
   0.67613
   3.40396
   1.71203
   1.40215
   2.19784
   2.48014
   3.09254
   0.32691
   0.87334
   1.76477
   1.26692
   1.79693
   1.42477
   0.20027
   1.76690
   0.17300
   1.07515
   0.97695
   1.47385
   0.87225
   0.71147
   1.96331
   0.82415
   1.58913
   1.70341
  -0.63136
   1.74173
   0.03545
   0.80805
   3.28833
   2.56760
   2.28639
   0.78513
   1.12582
   1.61772
   2.29126
   1.84739
   1.37302
   0.62642
   1.09207
   1.36372
   0.75852
  -0.01698
   1.11034
   1.49878
   0.47332
   1.95408
   2.51823
   0.99454
   1.83139
   1.13009
   1.54742
   2.51933
   2.21992
   1.83634
   1.08257
   0.51724
   1.77784
   1.10971
   1.72007
   3.05998
   0.60665
   1.91747
   0.26013
   1.44130
   1.30833
   2.48406
   2.53557
   3.40362
   1.81052
   1.79527
   1.13320
   0.12188
   1.50390
   2.59376
   0.68742
   1.52757
   2.27310
   1.48467
   1.16650
   1.51595
   0.28189
  -0.28541
   0.40362
   1.07729
  -0.93633
   2.63367
   1.03259
   0.70638
   3.15276
   3.47270
   0.89701
   1.08235
   1.19821
   2.23417
   2.98707
   1.60250
   0.21096
   1.19166
   2.07974
   2.78786
   4.03572
   2.01426
   1.13696
   2.10757
   1.75810
   2.29861
   1.27073
   0.69554
   0.07542
   2.57050
   2.07656
   0.81976
   3.53019
   2.29776
   0.44607
   2.05785
   0.89865
   0.34087
   2.26465
   0.67997
   1.14382
   0.44546
   1.91321
   1.50660
   1.05868
   1.38635
  -0.08368
   0.35888
   0.97704
   1.83199
  -0.00471
   0.69415
   1.04217
   3.89301
   3.13016
   1.52227
   3.65192
   1.27413
  -0.15007
   2.98091
   0.72581
   2.06146
   2.07958
   0.65619
   0.38720
   1.87686
   0.66383
   1.93712
   1.53974
   1.45840
   2.73392
   0.72016
   1.73534
   0.38802
   1.65875
   0.69286
   0.98317
  -0.18440
   0.60717
   1.61842
   1.63011
   1.19883
   0.81248
   3.06445
  -0.05857
   0.91100
   0.78510
   1.59642
   2.44291
   0.38121
   2.80678
   1.14909
  -0.05753
   1.42663
   2.97171
   1.47569
   0.17590
   2.18513
   1.69076
   2.70947
  -0.46843
   1.18820
   0.59759
   1.97124
   0.52820
   1.66784
   1.92857
   1.62073
   1.24113
   1.62260
   2.38362
   1.41071
  -0.22514
   1.69583
  -0.94735
   0.31004
   0.58432
   0.80636
   0.11074
   0.74236
   4.53199
   2.14872
   0.38816
  -0.00714
   1.54985
   1.75820
   1.65652
   2.68533
   2.68189
   3.79844
   1.09242
   1.33851
   1.75117
   0.94916
   2.98961
   3.49479
   1.64071
   2.20957
   2.76809
   2.19223
   1.27958
   0.71614
   3.30456
   1.51789
   1.63908
   1.44129
   2.39138
   2.05481
   1.71823
   1.85846
   1.91349
   3.63047
   2.58703
   1.52538
   1.99841
   2.69438
   2.34793
   0.69643
   2.66646
   1.65812
   0.89225
   2.58612
   0.67492
   0.42152
   1.92064
   1.12698
   1.55509
   1.69487
   6.52859
   1.17551
  -0.50336
   0.19282
   0.33881
   2.30855
   1.93562
   2.98677
   0.99008
   1.66154
   1.94260
  -0.00988
   1.68129
   2.00016
   0.03864
   1.15881
   1.17118
   2.40113
   2.20784
  -0.50634
   1.28185
   1.82695
   1.63385
   1.84740
   2.98295
   1.15326
   0.81534
   4.88602
   0.12081
   0.24609
   2.61570
   2.05868
   0.73319
   0.83728
   0.90954
  -0.18100
   2.03099
   0.40689
   0.74583
   1.74179
   1.34931
   2.52417
  -0.36557
   4.19833
   2.75986
   3.79807
   1.21012
   1.50743
   1.08246
   0.23206
  -0.63344
   0.43944
   1.41066
  -0.56461
   1.67367
   2.82357
   1.03140
   3.51006
   1.14523
   2.51610
   1.81725
   1.43206
   1.55767
   0.28632
   1.52918
   0.91453
  -0.35431
   1.60404
   1.66641
   2.19637
   0.43828
   0.38050
   1.72291
   2.00910
   1.40834
   1.82301
   1.02397
   3.61192
   2.73148
   2.03541
   1.55813
   4.80156
   0.85265
   3.16892
   4.84033
   1.22928
   0.30077
   0.61143
  -0.50291
   0.84660
   1.29117
   1.71998
   0.15724
   2.23593
   1.50295
   2.38256
   0.12818
   0.63282
  -0.24365
   1.60524
   0.66005
   1.69849
   2.22848
  -0.13200
   2.42008
   2.18154
   1.98957
   0.47457
   0.85382
  -0.69267
   1.83742
   1.84484
   2.00285
  -0.23751
   1.65259
  -0.42866
   1.98457
   1.08702
   1.12744
   2.19332
   2.35293
   1.86347
   1.33497
   1.96819
   0.60440
   2.32246
   0.92136
   1.00471
   0.13096
  -1.51636
   0.96215
   1.47290
  -0.05230
   2.20372
   2.69730
   0.97596
   2.00741
   1.54863
   0.54669
   0.88045
   0.35124
   1.13161
   1.97084
   2.71693
   1.64108
   1.84073
   0.96858
   2.20570
   1.61672
   1.86212
   0.43841
   2.95250
   0.58504
   1.78314
  -0.30991
   0.69874
   2.65415
   0.67284
   1.12379
  -0.50749
  -0.39922
   1.26709
   1.21681
   2.74515
   0.90674
   2.40834
   2.11699
   2.25044
   2.20540
   2.41193
   1.23453
   2.26004
   0.88205
   0.90226
   0.07802
   2.01691
   1.44245
   0.14053
   1.71517
   0.58066
   1.34433
   1.42480
   2.89157
   0.42089
   1.57421
   1.93036
   1.07757
   0.31127
   1.86554
   2.07226
   2.51459
   2.20244
   1.42264
   1.10035
   1.26151
   1.96913
   1.05827
   0.58597
   1.28531
   0.68290
   2.59115
   3.06585
  -0.33646
   1.44319
   1.49426
   0.81758
   2.07176
   0.44041
   1.55998
   2.81509
   1.72766
   1.82132
   0.09119
   2.02722
   2.04077
   1.09166
   0.39225
   0.95909
   2.44473
   1.03085
   0.42806
   2.06772
   1.96719
   2.38535
   1.28159
  -0.66919
   0.68000
   1.83019
   1.38407
   2.28490
   0.45124
   1.38168
   1.88794
   0.29146
   0.77506
   0.90938
   1.21307
   4.15343
  -1.31355
   1.00089
   2.13943
   0.52119
   4.93197
   2.36061
   2.70027
   0.49960
   1.02156
   0.90515
   1.18517
   0.63686
   0.65226
   0.65218
   0.47360
   2.61463
   1.55622
   2.01844
   2.28800
   0.39728
   1.22967
   0.92750
   1.61297
   2.41120
   1.65367
  -0.81004
   2.36572
   1.27100
   1.41249
   1.77050
   0.20117
   0.59230
   0.02920
   1.00764
   0.20307
   1.48711
  -0.61888
   1.42208
   0.68012
   0.78957
   1.18915
   2.90238
   0.89018
  -0.51303
   1.83105
   2.06571
   0.64299
   3.90181
  -0.74137
   1.18767
   0.83604
   2.46518
   1.47790
  -0.74316
  -0.67174
   1.38754
   0.87286
   0.45113
   0.40204
  -0.58524
  -0.04917
   0.10075
   1.52860
  -0.28412
   2.78682
  -0.29206
   1.26318
   3.86290
   1.42665
   1.97177
   0.13100
   0.11438
   1.67347
   0.71884
   2.11545
  -0.55855
   0.38960
   0.38116
   1.78164
   0.64158
   2.34821
   1.59405
   1.95353
  -0.40023
   2.84959
   3.77908
   0.82862
   1.58811
   4.17296
   1.16280
   2.96744
   0.04863
   1.00235
   1.45784
   1.49134
   2.44083
   0.42374
  -0.58161
   0.41367
   0.59174
   1.45681
   1.00787
   0.09120
   2.07692
   2.19403
   1.21812
   3.46141
   0.86911
  -0.59620
   2.48892
   2.35405
   1.68969
   1.59788
   0.38917
   0.57034
   1.28360
   1.73291
  -0.62404
  -0.71174
   0.99152
   1.70010
   1.50773
   1.64439
   0.00986
   1.64692
   0.94858
   0.80640
   2.37975
  -0.15652
   0.47569
   0.94812
   0.52852
   1.44603
   2.53572
   3.20984
   0.76067
   1.65187
   1.63795
   3.53683
   3.00211
   1.47833
   2.17833
   0.49150
   0.56658
   1.83935
   2.21244
   3.39218
   2.31936
   1.46701
   2.88760
   0.12160
  -0.65798
   1.27960
   1.15191
   3.08321
   0.37076
   2.39985
   0.93979
   0.33990
   1.52108
   1.12358
  -0.55678
   1.25589
   1.20440
   0.80642
  -0.52264
   1.04161
   1.05648
   2.10656
   3.37013
   0.76114
   1.56446
   0.60719
   1.30211
   1.04867
   1.41953
   1.03259
   2.66389
   1.84626
  -0.21476
   1.34368
   0.73536
   2.32723
   1.64924
   4.41719
   1.50890
   1.64619
   1.03468
   0.58447
   1.61789
   2.17562
   1.09495
   1.05477
   1.29786
   1.72031
   0.78762
   0.74881
   0.53072
   0.90187
   2.37802
   0.81911
   0.78850
   0.37651
   0.96566
   1.03456
   0.90483
   2.17271
   0.53183
   1.84240
   1.63690
   2.63645
   1.50381
   1.49320
   1.66061
   1.27455
   0.84197
   1.24031
   1.22131
   1.14502
   1.80300
   1.52732
   4.33665
   2.58914
   0.34306
   1.97930
   2.88238
   1.36840
   3.42122
   2.69619
   1.43774
   0.70978
   0.72505
   1.81514
   2.11992
   2.45712
   3.74197
   1.24939
   0.50602
   0.75754
   3.10439
   1.84830
   0.83609
   0.84785
   0.87657
   2.30368
   1.00080
   0.19165
   0.87991
   1.87413
   1.07692
   2.10760
   0.82176
   2.94295
   1.41797
   1.08391
   0.97936
   1.95935
   1.82867
   1.17153
   1.54429
   1.40893
   1.09213
  -0.49884
   0.95326
  -0.19825
   2.25957
   1.58548
   0.91991
   0.73614
   1.92519
   0.98057
   0.83003
   0.36244
   2.23715
   0.03043
   1.10530
  -0.00645
   1.66963
   1.58808
   1.14790
   1.46727
   2.19261
   1.57396
   1.52824
   1.80885
   1.74073
   2.17210
   1.62280
   1.45909
   2.80210
   1.88758
   0.44206
   2.11533
   0.68291
   3.02044
   0.39768
   1.70833
   0.87561
   0.37265
   0.90550
   1.82651
   1.90649
   0.18960
   1.85905
